5036	1
3305	2
1235	3
105	4
306	5
1958	6
5169	7
734	8
1934	9
4900	10
3084	11
1942	12
3031	13
3096	14
4552	15
341	16
1877	17
4565	18
5046	19
3107	20
5385	21
2203	22
555	23
5351	24
3786	25
58	26
1046	27
5584	28
688	29
283	30
336	31
5179	32
4452	33
1101	34
4685	35
3611	36
3577	37
2434	38
5442	39
1780	40
2194	41
991	42
1466	43
9025	44
2152	45
3110	46
4876	47
1984	48
1056	49
23	50
1759	51
3578	52
2626	53
4579	54
2986	55
197	56
2702	57
3884	58
3418	59
2287	60
4894	61
4884	62
9246	63
5612	64
481	65
8635	66
9469	67
7262	68
4967	69
5774	70
7011	71
6160	72
5186	73
4745	74
6418	75
8419	76
4886	77
5303	78
3036	79
8414	80
8421	81
733	82
7658	83
5439	84
6852	85
2951	86
3369	87
8775	88
6051	89
4901	90
7371	91
9425	92
7103	93
6693	94
6511	95
5145	96
5144	97
5491	98
5728	99
8605	100
4754	101
4766	102
9413	103
4699	104
8252	105
7153	106
2652	107
9024	108
6590	109
8429	110
8765	111
6796	112
4643	113
6681	114
9005	115
5823	116
5302	117
1117	118
998	119
9476	120
4974	121
4796	122
5117	123
4816	124
5069	125
4975	126
5257	127
9108	128
3433	129
7899	130
2731	131
6259	132
9001	133
3172	134
4871	135
5577	136
5290	137
8502	138
8650	139
4845	140
9815	141
8236	142
8647	143
9531	144
4725	145
4829	146
4904	147
4987	148
4799	149
5273	150
9276	151
5075	152
5072	153
6682	154
4907	155
9848	156
6408	157
3256	158
7297	159
6876	160
5246	161
5066	162
5163	163
5076	164
5474	165
5791	166
5412	167
5547	168
5529	169
6400	170
7251	171
7796	172
9084	173
4865	174
6720	175
7095	176
8856	177
7789	178
9836	179
1969	180
1389	181
8882	182
5370	183
5153	184
8440	185
7862	186
5262	187
5693	188
413	189
9228	190
6367	191
5031	192
6293	193
5757	194
9877	195
9448	196
5886	197
2822	198
211	199
4186	200
2406	201
1335	202
5554	203
2111	204
1949	205
9631	206
5719	207
5669	208
1717	209
1814	210
831	211
8822	212
6577	213
54	214
5089	215
9280	216
9870	217
7878	218
59	219
4945	220
4731	221
2997	222
9908	223
4316	224
644	225
5615	226
1653	227
4814	228
800	229
202	230
2747	231
5672	232
8418	233
3133	234
8944	235
5652	236
4808	237
1902	238
7039	239
1658	240
4368	241
8565	242
2913	243
654	244
1959	245
2133	246
1606	247
8644	248
947	249
980	250
3063	251
7025	252
3606	253
4021	254
4935	255
3528	256
4953	257
1482	258
8906	259
1490	260
1419	261
41	262
5741	263
9591	264
2691	265
6102	266
6271	267
7451	268
1467	269
1203	270
4367	271
8428	272
7734	273
7786	274
4028	275
139	276
9265	277
5185	278
9241	279
4971	280
2461	281
2558	282
8733	283
1885	284
5264	285
2560	286
2410	287
5708	288
8956	289
4875	290
714	291
1126	292
1930	293
4976	294
1411	295
6961	296
6889	297
474	298
6514	299
1588	300
312	301
9466	302
2147	303
9575	304
160	305
9441	306
2338	307
5198	308
1970	309
2920	310
2196	311
990	312
579	313
3278	314
2233	315
2293	316
5199	317
5283	318
2936	319
1935	320
7613	321
2876	322
7949	323
4313	324
410	325
7993	326
3302	327
8412	328
6404	329
3487	330
4720	331
7346	332
2651	333
8582	334
3811	335
9383	336
125	337
5813	338
623	339
4426	340
3711	341
691	342
6220	343
6771	344
9268	345
2195	346
3465	347
79	348
9351	349
6328	350
9468	351
2543	352
6493	353
2548	354
280	355
7725	356
5470	357
4570	358
2382	359
3895	360
5706	361
4715	362
5008	363
5315	364
8570	365
3081	366
6151	367
3605	368
6831	369
4815	370
7938	371
2365	372
8069	373
361	374
6174	375
6899	376
650	377
589	378
4521	379
1817	380
4761	381
4701	382
4389	383
5656	384
9214	385
1884	386
6555	387
8697	388
9745	389
7979	390
2415	391
7037	392
3128	393
3131	394
3362	395
5824	396
7531	397
8903	398
8270	399
2095	400
7206	401
1341	402
8234	403
4764	404
7497	405
5825	406
1172	407
1556	408
2983	409
6065	410
8686	411
108	412
7814	413
193	414
8013	415
5139	416
1231	417
5173	418
2226	419
4051	420
5889	421
5398	422
3491	423
421	424
2424	425
1159	426
9460	427
9834	428
3205	429
7194	430
1630	431
4949	432
5931	433
2753	434
968	435
9304	436
132	437
492	438
7094	439
1866	440
7653	441
1806	442
5148	443
4572	444
279	445
2039	446
6655	447
4881	448
2717	449
3006	450
3837	451
5760	452
7204	453
8490	454
349	455
3785	456
5721	457
1237	458
5099	459
9560	460
1496	461
3735	462
887	463
8392	464
6192	465
8753	466
5305	467
6213	468
9593	469
6745	470
5444	471
6838	472
3284	473
5796	474
2528	475
2428	476
1304	477
5640	478
1638	479
5520	480
1537	481
1240	482
237	483
3035	484
1408	485
3018	486
1216	487
5918	488
4129	489
3760	490
9050	491
3346	492
2814	493
2979	494
2405	495
9126	496
1273	497
4283	498
6439	499
6320	500
4465	501
9790	502
2099	503
6338	504
1401	505
9721	506
3359	507
5168	508
3408	509
6194	510
7439	511
2390	512
9796	513
5332	514
7737	515
2500	516
3113	517
1110	518
5291	519
1031	520
7648	521
8019	522
8943	523
1244	524
2339	525
2898	526
8340	527
8852	528
4922	529
4828	530
1684	531
4135	532
9853	533
2117	534
8897	535
7465	536
6967	537
3319	538
1993	539
8980	540
961	541
6938	542
3132	543
3813	544
9742	545
8169	546
3493	547
5665	548
7176	549
7873	550
7347	551
4520	552
8679	553
3586	554
582	555
7423	556
5533	557
8302	558
4860	559
694	560
4406	561
2452	562
4393	563
4085	564
1293	565
6023	566
2324	567
5081	568
161	569
345	570
3068	571
6254	572
82	573
5126	574
2257	575
9054	576
5662	577
2021	578
95	579
6826	580
5221	581
979	582
2705	583
5805	584
6231	585
6184	586
9882	587
4453	588
6809	589
5261	590
506	591
8355	592
5835	593
7659	594
374	595
3829	596
9058	597
712	598
8804	599
3360	600
1865	601
2015	602
3475	603
1340	604
7201	605
3188	606
295	607
1980	608
9667	609
9739	610
6060	611
4595	612
6915	613
8168	614
3617	615
706	616
5060	617
1907	618
2775	619
2720	620
5009	621
5120	622
1284	623
1093	624
8655	625
9326	626
1453	627
7429	628
9681	629
8711	630
7114	631
5548	632
8507	633
7575	634
1078	635
5154	636
1483	637
9184	638
4439	639
9401	640
3024	641
7837	642
432	643
3591	644
1188	645
7098	646
6623	647
1384	648
46	649
1431	650
5335	651
5083	652
316	653
7017	654
6778	655
6317	656
7902	657
1181	658
3552	659
7320	660
1979	661
6269	662
2904	663
2638	664
9725	665
678	666
3176	667
8974	668
9020	669
386	670
8561	671
7002	672
6252	673
8989	674
3681	675
5405	676
5603	677
378	678
7781	679
6073	680
2014	681
3939	682
9523	683
3466	684
3822	685
4747	686
9114	687
5749	688
9244	689
5527	690
2213	691
6037	692
9082	693
4202	694
6862	695
5920	696
8670	697
5365	698
8669	699
249	700
8042	701
808	702
9199	703
3322	704
6357	705
7766	706
5254	707
4234	708
2742	709
2525	710
2910	711
2612	712
8621	713
2059	714
2670	715
1281	716
4862	717
2317	718
9308	719
6457	720
8360	721
3828	722
5416	723
3807	724
2657	725
122	726
5300	727
9092	728
5387	729
8963	730
2125	731
5059	732
1375	733
8399	734
4171	735
8521	736
1804	737
7010	738
9565	739
4539	740
9271	741
8476	742
1243	743
8985	744
6716	745
2081	746
6767	747
8560	748
9026	749
4741	750
3518	751
4874	752
5858	753
3241	754
2568	755
9140	756
8713	757
4073	758
8864	759
9203	760
2319	761
2905	762
6680	763
5015	764
1703	765
8996	766
1119	767
3720	768
8701	769
3661	770
75	771
9359	772
6227	773
3860	774
7804	775
7830	776
1590	777
752	778
5625	779
5605	780
9587	781
8260	782
3192	783
7874	784
6197	785
8829	786
7090	787
3057	788
6161	789
9181	790
4160	791
2975	792
4812	793
55	794
9113	795
2888	796
2510	797
5326	798
9690	799
2995	800
8053	801
1219	802
5324	803
757	804
1860	805
2615	806
7551	807
4508	808
4513	809
4356	810
3676	811
1002	812
5642	813
2347	814
5340	815
3099	816
465	817
8451	818
5265	819
2577	820
1829	821
2582	822
3134	823
4377	824
6413	825
4061	826
5190	827
2041	828
7007	829
8685	830
5131	831
2384	832
7664	833
9424	834
8986	835
7644	836
4724	837
8636	838
2998	839
5238	840
1410	841
1265	842
2458	843
3904	844
721	845
1613	846
4702	847
8672	848
8656	849
5928	850
9433	851
1547	852
1147	853
8239	854
4116	855
8524	856
7055	857
7934	858
8915	859
8519	860
7291	861
2210	862
2690	863
4254	864
8460	865
2219	866
2094	867
7865	868
2850	869
3883	870
8838	871
4760	872
7946	873
5746	874
1476	875
3174	876
3743	877
1801	878
6101	879
2771	880
5077	881
7703	882
1383	883
1084	884
3002	885
830	886
9793	887
3381	888
9343	889
3554	890
2001	891
2811	892
8146	893
2914	894
8514	895
9249	896
9579	897
1909	898
8595	899
8949	900
9052	901
2803	902
8278	903
1201	904
8946	905
1379	906
4084	907
3613	908
1230	909
5280	910
3601	911
17	912
1745	913
8799	914
8061	915
1492	916
8387	917
3214	918
258	919
658	920
1074	921
3095	922
5363	923
3955	924
956	925
5369	926
1627	927
594	928
5868	929
3592	930
6513	931
7790	932
9722	933
1378	934
6811	935
7100	936
5974	937
7578	938
3842	939
221	940
8746	941
6947	942
8012	943
4457	944
6521	945
5576	946
4122	947
6364	948
3621	949
406	950
2022	951
5659	952
7352	953
854	954
3944	955
4008	956
9514	957
1112	958
2307	959
29	960
8831	961
3912	962
7275	963
8253	964
424	965
5263	966
9740	967
7694	968
8680	969
4004	970
2802	971
9318	972
5051	973
3118	974
6957	975
9331	976
4080	977
6643	978
7735	979
939	980
1951	981
1488	982
5959	983
5493	984
2	985
1597	986
6626	987
3521	988
8993	989
6409	990
2774	991
2607	992
9390	993
9422	994
3779	995
9328	996
2849	997
9202	998
6113	999
7760	1000
2	1001
2036	1002
8896	1003
9049	1004
6755	1005
7561	1006
9507	1007
8671	1008
4979	1009
2745	1010
5406	1011
9083	1012
8548	1013
7467	1014
314	1015
7433	1016
5418	1017
4139	1018
3945	1019
1326	1020
2035	1021
4542	1022
1449	1023
3820	1024
9692	1025
5740	1026
6791	1027
9547	1028
1351	1029
9678	1030
4211	1031
136	1032
690	1033
2291	1034
8153	1035
2617	1036
9029	1037
6706	1038
3045	1039
8474	1040
8443	1041
6300	1042
6164	1043
3069	1044
3314	1045
6138	1046
7746	1047
4106	1048
5174	1049
5990	1050
4275	1051
3476	1052
6307	1053
9014	1054
2934	1055
9747	1056
928	1057
7254	1058
3733	1059
5800	1060
5793	1061
8796	1062
2479	1063
1017	1064
7530	1065
6845	1066
3686	1067
8590	1068
2526	1069
6678	1070
6066	1071
4578	1072
3792	1073
9515	1074
2113	1075
9788	1076
9730	1077
6139	1078
5356	1079
2649	1080
9303	1081
774	1082
3349	1083
126	1084
1729	1085
207	1086
326	1087
86	1088
5696	1089
7484	1090
8130	1091
4924	1092
5564	1093
6695	1094
9799	1095
1381	1096
5357	1097
7770	1098
2055	1099
2193	1100
5891	1101
3532	1102
447	1103
9487	1104
5242	1105
1433	1106
239	1107
71	1108
3583	1109
2899	1110
4809	1111
2655	1112
3567	1113
2207	1114
62	1115
8951	1116
4847	1117
1343	1118
9456	1119
1710	1120
2724	1121
7296	1122
1298	1123
2698	1124
1756	1125
1755	1126
2192	1127
8916	1128
9638	1129
6435	1130
1005	1131
6321	1132
3855	1133
392	1134
5323	1135
5285	1136
246	1137
5293	1138
8887	1139
6846	1140
9851	1141
8030	1142
399	1143
5980	1144
6419	1145
6634	1146
3358	1147
8832	1148
8547	1149
2216	1150
3677	1151
6460	1152
4622	1153
5929	1154
4632	1155
2071	1156
7269	1157
5542	1158
5917	1159
1045	1160
3758	1161
9509	1162
9553	1163
7880	1164
2074	1165
6456	1166
8267	1167
6558	1168
8597	1169
9411	1170
4435	1171
6070	1172
2137	1173
5461	1174
5382	1175
1423	1176
2019	1177
1880	1178
2923	1179
713	1180
6188	1181
8735	1182
6210	1183
3694	1184
6083	1185
7044	1186
4416	1187
5394	1188
6688	1189
2078	1190
5091	1191
8463	1192
9687	1193
2987	1194
2537	1195
3923	1196
6211	1197
8894	1198
3127	1199
9021	1200
5366	1201
2992	1202
5354	1203
4651	1204
1458	1205
1589	1206
3056	1207
950	1208
5677	1209
6186	1210
8352	1211
1116	1212
2492	1213
2748	1214
590	1215
2872	1216
7646	1217
583	1218
8202	1219
7052	1220
786	1221
8932	1222
503	1223
9763	1224
9016	1225
6963	1226
8286	1227
8408	1228
9911	1229
1303	1230
5407	1231
1809	1232
5710	1233
6075	1234
2693	1235
967	1236
6567	1237
9382	1238
3872	1239
6021	1240
3628	1241
9824	1242
3029	1243
7509	1244
7518	1245
8907	1246
7096	1247
5231	1248
8844	1249
8222	1250
3834	1251
811	1252
30	1253
8860	1254
5874	1255
3086	1256
1857	1257
5970	1258
121	1259
8807	1260
9442	1261
6395	1262
1444	1263
606	1264
8504	1265
6871	1266
9858	1267
433	1268
8483	1269
8866	1270
4905	1271
50	1272
3306	1273
5676	1274
918	1275
3609	1276
9392	1277
7947	1278
2042	1279
1020	1280
21	1281
9484	1282
9506	1283
5161	1284
3740	1285
844	1286
3966	1287
4624	1288
573	1289
4892	1290
7853	1291
507	1292
9039	1293
6952	1294
3247	1295
6596	1296
9526	1297
1837	1298
460	1299
6469	1300
4889	1301
4338	1302
4648	1303
8884	1304
7904	1305
5349	1306
591	1307
785	1308
4400	1309
8574	1310
6162	1311
3505	1312
4146	1313
5049	1314
6935	1315
6932	1316
7398	1317
1673	1318
7108	1319
9527	1320
6500	1321
8871	1322
4007	1323
9310	1324
7225	1325
7155	1326
2946	1327
6525	1328
2007	1329
4361	1330
3165	1331
8343	1332
5704	1333
6825	1334
8914	1335
6371	1336
331	1337
241	1338
9522	1339
4285	1340
404	1341
2980	1342
1981	1343
8337	1344
6812	1345
9450	1346
9394	1347
6770	1348
574	1349
2237	1350
8533	1351
8132	1352
449	1353
5464	1354
4226	1355
5334	1356
4374	1357
6198	1358
958	1359
3920	1360
3559	1361
5423	1362
6606	1363
6981	1364
4423	1365
4029	1366
8720	1367
5849	1368
7128	1369
5711	1370
8499	1371
7043	1372
4058	1373
7871	1374
4318	1375
4070	1376
1917	1377
4532	1378
1733	1379
5787	1380
52	1381
3576	1382
6721	1383
8479	1384
1795	1385
2809	1386
1610	1387
388	1388
8761	1389
5636	1390
3916	1391
128	1392
5616	1393
4376	1394
5361	1395
2918	1396
263	1397
2456	1398
9757	1399
4280	1400
3333	1401
1912	1402
8924	1403
3568	1404
8917	1405
8439	1406
8803	1407
9169	1408
609	1409
8773	1410
6458	1411
5909	1412
3579	1413
9165	1414
2961	1415
109	1416
8889	1417
117	1418
3700	1419
8649	1420
949	1421
8294	1422
5137	1423
9635	1424
9133	1425
4598	1426
4617	1427
5507	1428
7691	1429
5287	1430
3728	1431
4380	1432
3304	1433
4501	1434
3780	1435
8787	1436
6103	1437
4587	1438
3257	1439
5782	1440
152	1441
8922	1442
7430	1443
4157	1444
4424	1445
4091	1446
7634	1447
318	1448
9167	1449
9262	1450
4605	1451
6135	1452
5430	1453
8874	1454
151	1455
9751	1456
190	1457
4310	1458
2023	1459
8767	1460
1499	1461
7306	1462
7459	1463
1675	1464
6423	1465
9847	1466
9403	1467
550	1468
3445	1469
6751	1470
5827	1471
4427	1472
7195	1473
7131	1474
3894	1475
380	1476
3838	1477
2855	1478
1049	1479
9795	1480
833	1481
619	1482
6039	1483
832	1484
9452	1485
9408	1486
6584	1487
39	1488
7289	1489
9361	1490
3059	1491
5276	1492
4471	1493
3672	1494
7415	1495
7045	1496
9097	1497
6639	1498
3199	1499
5248	1500
9598	1501
2633	1502
2812	1503
5045	1504
217	1505
7707	1506
1633	1507
1815	1508
1602	1509
6742	1510
6598	1511
5810	1512
6892	1513
9869	1514
2598	1515
6973	1516
7483	1517
7257	1518
6649	1519
3310	1520
7127	1521
6118	1522
829	1523
4405	1524
7130	1525
9272	1526
7119	1527
7019	1528
9385	1529
3644	1530
6251	1531
4507	1532
3731	1533
3877	1534
7292	1535
7034	1536
5436	1537
4121	1538
3940	1539
9008	1540
2003	1541
593	1542
816	1543
3887	1544
7143	1545
5715	1546
3748	1547
7121	1548
1835	1549
1404	1550
6476	1551
9275	1552
9127	1553
7559	1554
6538	1555
1971	1556
6146	1557
7239	1558
6150	1559
3900	1560
7727	1561
2734	1562
7768	1563
8305	1564
9825	1565
856	1566
3584	1567
3616	1568
4075	1569
4100	1570
5040	1571
1533	1572
1751	1573
1461	1574
8142	1575
8692	1576
7164	1577
2503	1578
8744	1579
8537	1580
7023	1581
49	1582
4078	1583
4700	1584
6339	1585
1913	1586
9567	1587
4027	1588
8369	1589
1164	1590
3125	1591
6659	1592
2540	1593
5383	1594
1456	1595
804	1596
1752	1597
1690	1598
6347	1599
9409	1600
6583	1601
4897	1602
7556	1603
7829	1604
9170	1605
5979	1606
835	1607
725	1608
8614	1609
9451	1610
1728	1611
2721	1612
7216	1613
8698	1614
5024	1615
1204	1616
5448	1617
7688	1618
8292	1619
7997	1620
4207	1621
7260	1622
817	1623
9862	1624
208	1625
5694	1626
1973	1627
3977	1628
382	1629
265	1630
444	1631
4210	1632
6842	1633
587	1634
4087	1635
8266	1636
5107	1637
6303	1638
4378	1639
3215	1640
4895	1641
5561	1642
5495	1643
2933	1644
5654	1645
2129	1646
2178	1647
8206	1648
2639	1649
323	1650
7750	1651
15	1652
5530	1653
4445	1654
8444	1655
846	1656
9183	1657
4236	1658
6895	1659
6803	1660
9187	1661
6772	1662
6713	1663
6508	1664
627	1665
913	1666
8365	1667
2206	1668
4308	1669
6112	1670
6605	1671
4037	1672
1705	1673
1034	1674
8766	1675
8114	1676
1048	1677
2373	1678
6249	1679
8465	1680
7585	1681
4436	1682
313	1683
3737	1684
7710	1685
3589	1686
4791	1687
6654	1688
3819	1689
8742	1690
8028	1691
5969	1692
7641	1693
7126	1694
1465	1695
5940	1696
6335	1697
8659	1698
7086	1699
5762	1700
7992	1701
1434	1702
7335	1703
64	1704
9120	1705
5458	1706
8583	1707
7460	1708
482	1709
2596	1710
533	1711
6515	1712
5510	1713
3747	1714
8531	1715
7424	1716
8194	1717
3469	1718
220	1719
7348	1720
6813	1721
8311	1722
515	1723
9367	1724
5644	1725
6401	1726
9905	1727
8873	1728
4531	1729
4222	1730
5850	1731
5829	1732
911	1733
1206	1734
7579	1735
5657	1736
6155	1737
8608	1738
9874	1739
346	1740
3479	1741
2600	1742
6253	1743
8111	1744
7860	1745
6017	1746
9773	1747
6479	1748
643	1749
6953	1750
4492	1751
7626	1752
8532	1753
5877	1754
9073	1755
8468	1756
5903	1757
1469	1758
843	1759
4245	1760
4354	1761
6232	1762
2448	1763
2695	1764
2965	1765
2403	1766
9758	1767
5188	1768
3163	1769
5065	1770
9564	1771
1564	1772
3778	1773
2949	1774
7639	1775
3090	1776
5298	1777
3965	1778
4297	1779
9552	1780
1030	1781
1905	1782
1156	1783
9558	1784
7723	1785
4437	1786
3293	1787
5995	1788
8781	1789
6199	1790
9559	1791
8327	1792
3551	1793
9576	1794
6429	1795
2894	1796
8357	1797
5200	1798
6496	1799
8197	1800
5907	1801
5981	1802
7951	1803
7883	1804
6302	1805
8663	1806
9189	1807
3797	1808
1937	1809
173	1810
5511	1811
5149	1812
6762	1813
7317	1814
8338	1815
565	1816
4227	1817
2800	1818
1272	1819
4903	1820
4216	1821
6690	1822
5454	1823
5417	1824
9718	1825
8106	1826
15	1827
9786	1828
9797	1829
8293	1830
5735	1831
6653	1832
6672	1833
2836	1834
4776	1835
8371	1836
8080	1837
4267	1838
5469	1839
7563	1840
8683	1841
2054	1842
3397	1843
566	1844
5428	1845
6487	1846
1068	1847
8768	1848
422	1849
4126	1850
910	1851
7624	1852
2776	1853
6609	1854
1325	1855
1495	1856
3484	1857
7581	1858
7850	1859
9569	1860
1539	1861
3486	1862
2312	1863
3185	1864
5569	1865
1977	1866
3799	1867
9334	1868
3182	1869
8857	1870
7152	1871
8023	1872
3331	1873
7827	1874
3526	1875
7441	1876
6434	1877
2187	1878
5434	1879
6556	1880
8667	1881
472	1882
370	1883
353	1884
4567	1885
7112	1886
8849	1887
2497	1888
8255	1889
6719	1890
4252	1891
4326	1892
735	1893
8211	1894
8364	1895
7889	1896
4018	1897
4494	1898
6196	1899
3759	1900
5485	1901
9676	1902
2792	1903
4687	1904
1825	1905
5481	1906
2300	1907
379	1908
4696	1909
1772	1910
3931	1911
7394	1912
6800	1913
5172	1914
23	1915
4497	1916
3925	1917
9907	1918
9661	1919
7969	1920
7565	1921
5085	1922
8558	1923
5769	1924
6576	1925
4470	1926
4118	1927
3548	1928
7345	1929
5203	1930
40	1931
7964	1932
3033	1933
9634	1934
2489	1935
6615	1936
2436	1937
9405	1938
8269	1939
6710	1940
9150	1941
8426	1942
6926	1943
9771	1944
4554	1945
5678	1946
5087	1947
2474	1948
1549	1949
8445	1950
7205	1951
3848	1952
3798	1953
1477	1954
3558	1955
1732	1956
8351	1957
3610	1958
6962	1959
1587	1960
4646	1961
508	1962
7293	1963
5675	1964
7584	1965
5754	1966
8678	1967
1895	1968
5219	1969
4877	1970
8466	1971
564	1972
892	1973
7809	1974
6837	1975
9812	1976
6218	1977
5589	1978
6748	1979
9693	1980
2974	1981
5016	1982
2082	1983
8181	1984
8453	1985
5942	1986
8622	1987
5627	1988
2494	1989
8291	1990
1258	1991
4524	1992
8475	1993
7071	1994
352	1995
1462	1996
8808	1997
4195	1998
8256	1999
9042	2000
2770	2001
5371	2002
1085	2003
4710	2004
4330	2005
3561	2006
6823	2007
4744	2008
907	2009
8950	2010
6363	2011
4327	2012
6928	2013
4407	2014
4382	2015
9053	2016
1451	2017
7443	2018
6175	2019
428	2020
3372	2021
271	2022
123	2023
5736	2024
9459	2025
6410	2026
5208	2027
9307	2028
2183	2029
7869	2030
8345	2031
1891	2032
2552	2033
9612	2034
7504	2035
4114	2036
8094	2037
1362	2038
6216	2039
6099	2040
6349	2041
7753	2042
994	2043
7552	2044
7240	2045
8433	2046
576	2047
840	2048
5692	2049
8523	2050
4068	2051
8196	2052
7110	2053
4107	2054
5674	2055
4229	2056
1625	2057
5742	2058
1955	2059
4582	2060
4690	2061
4488	2062
7662	2063
1757	2064
7892	2065
3164	2066
3427	2067
9198	2068
3463	2069
5165	2070
3460	2071
889	2072
3483	2073
6247	2074
1990	2075
2107	2076
5012	2077
2679	2078
7527	2079
31	2080
9608	2081
8598	2082
4586	2083
9673	2084
8835	2085
9264	2086
6714	2087
9166	2088
9677	2089
6360	2090
2149	2091
4060	2092
749	2093
4053	2094
935	2095
5602	2096
1063	2097
6619	2098
5944	2099
3997	2100
2306	2101
3264	2102
7640	2103
1161	2104
3888	2105
3316	2106
65	2107
4591	2108
5386	2109
335	2110
8043	2111
6995	2112
1748	2113
5799	2114
7489	2115
9010	2116
5480	2117
4336	2118
720	2119
1016	2120
69	2121
483	2122
1336	2123
172	2124
3260	2125
4500	2126
3161	2127
88	2128
5634	2129
2916	2130
1659	2131
7966	2132
6056	2133
9263	2134
12	2135
278	2136
9566	2137
3239	2138
6526	2139
3015	2140
3204	2141
2236	2142
1097	2143
1121	2144
3406	2145
3301	2146
8098	2147
6951	2148
3021	2149
3380	2150
3320	2151
3179	2152
1850	2153
6942	2154
3653	2155
9802	2156
2994	2157
4335	2158
8035	2159
1584	2160
8186	2161
1515	2162
9776	2163
4719	2164
3088	2165
4255	2166
2323	2167
8909	2168
8517	2169
4353	2170
970	2171
6940	2172
2766	2173
7046	2174
7187	2175
1765	2176
1708	2177
2733	2178
62	2179
5666	2180
1892	2181
9872	2182
2631	2183
3488	2184
7279	2185
3149	2186
3130	2187
42	2188
6278	2189
9535	2190
4807	2191
6488	2192
7700	2193
9155	2194
37	2195
1830	2196
1715	2197
5373	2198
3575	2199
601	2200
9655	2201
9574	2202
5795	2203
3635	2204
3461	2205
803	2206
35	2207
2956	2208
1727	2209
6097	2210
2701	2211
3254	2212
3167	2213
4235	2214
3721	2215
577	2216
3938	2217
3851	2218
2831	2219
5327	2220
2551	2221
3218	2222
1831	2223
5196	2224
6378	2225
1616	2226
4739	2227
7519	2228
4714	2229
9431	2230
9671	2231
9505	2232
1762	2233
7957	2234
1996	2235
262	2236
5888	2237
630	2238
5862	2239
8057	2240
6028	2241
5925	2242
5514	2243
543	2244
1260	2245
480	2246
9883	2247
8926	2248
5426	2249
7649	2250
9412	2251
6272	2252
7084	2253
4792	2254
3516	2255
2067	2256
8657	2257
827	2258
5284	2259
8984	2260
7368	2261
2481	2262
9623	2263
7232	2264
3198	2265
6153	2266
2290	2267
5453	2268
5864	2269
7847	2270
4239	2271
5852	2272
5956	2273
7050	2274
1426	2275
9347	2276
3073	2277
292	2278
7388	2279
3555	2280
2630	2281
7566	2282
7833	2283
5007	2284
8805	2285
9235	2286
9568	2287
9195	2288
1943	2289
3962	2290
626	2291
9386	2292
8967	2293
7929	2294
1897	2295
8163	2296
8505	2297
9352	2298
2159	2299
6256	2300
5294	2301
478	2302
4769	2303
2105	2304
7145	2305
8322	2306
4351	2307
7927	2308
187	2309
1843	2310
9622	2311
9056	2312
1412	2313
5798	2314
5699	2315
2807	2316
4475	2317
1974	2318
4398	2319
6886	2320
4242	2321
9639	2322
9627	2323
6382	2324
927	2325
7310	2326
4115	2327
9410	2328
6297	2329
3444	2330
916	2331
7068	2332
2167	2333
3638	2334
281	2335
932	2336
9880	2337
6104	2338
6568	2339
8303	2340
4108	2341
3530	2342
6959	2343
4299	2344
5544	2345
2091	2346
5638	2347
8404	2348
6757	2349
4448	2350
7521	2351
7132	2352
7428	2353
513	2354
19	2355
9879	2356
4523	2357
9067	2358
3852	2359
745	2360
7288	2361
4232	2362
739	2363
4244	2364
9472	2365
7248	2366
407	2367
3683	2368
90	2369
2878	2370
7502	2371
6086	2372
8289	2373
6191	2374
9700	2375
6920	2376
9534	2377
3636	2378
8118	2379
8538	2380
6893	2381
7702	2382
5339	2383
2442	2384
4363	2385
8413	2386
7169	2387
3244	2388
3495	2389
870	2390
7795	2391
4478	2392
6594	2393
6243	2394
6239	2395
8601	2396
7431	2397
3571	2398
2272	2399
7609	2400
9427	2401
4626	2402
6571	2403
3352	2404
5590	2405
9135	2406
3687	2407
201	2408
5843	2409
3959	2410
8811	2411
255	2412
4333	2413
7586	2414
2084	2415
5516	2416
5216	2417
7956	2418
5722	2419
7955	2420
2594	2421
4305	2422
300	2423
8299	2424
667	2425
423	2426
5991	2427
7538	2428
2842	2429
3774	2430
7906	2431
7438	2432
1936	2433
8301	2434
6126	2435
4168	2436
5752	2437
9893	2438
545	2439
3150	2440
2176	2441
8515	2442
4312	2443
861	2444
9400	2445
6574	2446
3651	2447
4057	2448
6440	2449
6225	2450
6111	2451
9878	2452
8226	2453
4511	2454
7058	2455
7173	2456
6294	2457
1052	2458
3784	2459
1952	2460
5948	2461
2853	2462
7365	2463
4606	2464
4679	2465
9521	2466
6119	2467
789	2468
4153	2469
2542	2470
5556	2471
7272	2472
6692	2473
5989	2474
8374	2475
8908	2476
4152	2477
2895	2478
5425	2479
8653	2480
6982	2481
6497	2482
3235	2483
511	2484
7499	2485
5935	2486
1904	2487
2793	2488
8836	2489
3	2490
3742	2491
9808	2492
8240	2493
697	2494
8243	2495
1851	2496
3599	2497
8384	2498
8501	2499
8308	2500
2085	2501
3794	2502
6170	2503
9698	2504
900	2505
9175	2506
7868	2507
1146	2508
141	2509
4119	2510
4946	2511
981	2512
1526	2513
2172	2514
5396	2515
8391	2516
2515	2517
1611	2518
5177	2519
416	2520
7184	2521
3500	2522
3443	2523
6169	2524
6752	2525
8139	2526
6047	2527
1420	2528
4660	2529
3791	2530
9125	2531
35	2532
3982	2533
6044	2534
4498	2535
4740	2536
9761	2537
3000	2538
4270	2539
5362	2540
6635	2541
5299	2542
7161	2543
3919	2544
3909	2545
8809	2546
4928	2547
8544	2548
2388	2549
25	2550
2763	2551
3832	2552
9222	2553
9138	2554
7977	2555
5355	2556
4917	2557
1812	2558
4049	2559
624	2560
2583	2561
7065	2562
3481	2563
1925	2564
9683	2565
8407	2566
8609	2567
4193	2568
600	2569
1644	2570
5390	2571
1869	2572
7491	2573
7494	2574
3079	2575
686	2576
1369	2577
1518	2578
7652	2579
2283	2580
2128	2581
730	2582
253	2583
2045	2584
5275	2585
85	2586
3501	2587
9086	2588
8880	2589
4718	2590
4556	2591
3209	2592
8144	2593
2536	2594
5155	2595
4893	2596
46	2597
4	2598
8406	2599
4911	2600
1263	2601
3803	2602
1102	2603
4927	2604
6765	2605
3477	2606
7476	2607
9290	2608
2614	2609
2359	2610
3424	2611
4276	2612
412	2613
2110	2614
4562	2615
1000	2616
5271	2617
1664	2618
9767	2619
1571	2620
9714	2621
9585	2622
3763	2623
3117	2624
6990	2625
9804	2626
315	2627
891	2628
1604	2629
3350	2630
5313	2631
2268	2632
9876	2633
6608	2634
9624	2635
4032	2636
3738	2637
9855	2638
3569	2639
1262	2640
5566	2641
8863	2642
7249	2643
6353	2644
5897	2645
4920	2646
9106	2647
5043	2648
2333	2649
1680	2650
5614	2651
6222	2652
9479	2653
2718	2654
4185	2655
616	2656
8751	2657
3	2658
8014	2659
9744	2660
2618	2661
3963	2662
4052	2663
5661	2664
2522	2665
9186	2666
3968	2667
9781	2668
4178	2669
9418	2670
402	2671
1976	2672
188	2673
414	2674
4890	2675
4704	2676
5890	2677
9857	2678
5522	2679
8262	2680
7449	2681
2644	2682
5914	2683
2260	2684
5772	2685
1713	2686
893	2687
2179	2688
8668	2689
2642	2690
6984	2691
2488	2692
6301	2693
9510	2694
5104	2695
9321	2696
2735	2697
6281	2698
8778	2699
3464	2700
101	2701
4878	2702
1636	2703
3170	2704
1512	2705
7939	2706
4916	2707
8690	2708
4850	2709
9327	2710
4467	2711
2981	2712
5218	2713
6273	2714
7284	2715
1503	2716
8108	2717
7448	2718
2246	2719
2247	2720
2968	2721
3527	2722
7606	2723
6667	2724
4544	2725
6924	2726
4024	2727
7622	2728
2694	2729
205	2730
9101	2731
4670	2732
2348	2733
1229	2734
8618	2735
4843	2736
42	2737
6627	2738
5597	2739
6030	2740
5041	2741
5317	2742
740	2743
25	2744
6833	2745
8464	2746
3434	2747
8313	2748
7974	2749
112	2750
1797	2751
8187	2752
9292	2753
1036	2754
4288	2755
882	2756
4883	2757
7493	2758
9490	2759
7854	2760
5639	2761
4402	2762
7373	2763
6785	2764
7190	2765
5822	2766
7872	2767
6536	2768
2799	2769
8283	2770
7924	2771
2730	2772
6808	2773
2224	2774
6366	2775
1013	2776
5468	2777
8284	2778
7391	2779
3993	2780
8709	2781
1871	2782
65	2783
845	2784
7198	2785
6209	2786
9366	2787
2073	2788
5912	2789
143	2790
6711	2791
7617	2792
3710	2793
8970	2794
219	2795
7548	2796
238	2797
94	2798
8883	2799
6121	2800
5998	2801
664	2802
2921	2803
2966	2804
7553	2805
5486	2806
7053	2807
4583	2808
7263	2809
9597	2810
4397	2811
1187	2812
5042	2813
5213	2814
3926	2815
554	2816
4151	2817
294	2818
4093	2819
6775	2820
4010	2821
4557	2822
6789	2823
5111	2824
2185	2825
7528	2826
3485	2827
3804	2828
4328	2829
6793	2830
9253	2831
7218	2832
5397	2833
2198	2834
2727	2835
9826	2836
6267	2837
8478	2838
7849	2839
8072	2840
5325	2841
3536	2842
9074	2843
2337	2844
6732	2845
2772	2846
2254	2847
49	2848
7667	2849
9914	2850
5038	2851
464	2852
1441	2853
9674	2854
1238	2855
7839	2856
1234	2857
5272	2858
7285	2859
5882	2860
8047	2861
4921	2862
8310	2863
9696	2864
5744	2865
1700	2866
7000	2867
5415	2868
8121	2869
2990	2870
5731	2871
4596	2872
696	2873
6661	2874
2756	2875
7937	2876
1541	2877
1725	2878
2958	2879
8623	2880
814	2881
7048	2882
2816	2883
6726	2884
855	2885
6936	2886
8225	2887
5306	2888
750	2889
4964	2890
9664	2891
3602	2892
9296	2893
2938	2894
6855	2895
7049	2896
1138	2897
6214	2898
5845	2899
2874	2900
8673	2901
9192	2902
6559	2903
9895	2904
834	2905
9538	2906
1854	2907
5319	2908
2882	2909
1651	2910
8586	2911
2837	2912
2344	2913
2845	2914
5596	2915
3010	2916
4128	2917
7171	2918
7536	2919
8826	2920
490	2921
6117	2922
3843	2923
2658	2924
955	2925
3572	2926
6308	2927
6006	2928
8025	2929
7353	2930
1734	2931
3039	2932
9772	2933
809	2934
6124	2935
7926	2936
1128	2937
149	2938
2102	2939
7411	2940
6362	2941
653	2942
9600	2943
8591	2944
818	2945
6062	2946
5686	2947
2379	2948
744	2949
8290	2950
5191	2951
3046	2952
8	2953
7569	2954
5230	2955
5225	2956
5393	2957
5129	2958
989	2959
8238	2960
5134	2961
8471	2962
2353	2963
5004	2964
4837	2965
4957	2966
3389	2967
4794	2968
9213	2969
1886	2970
5121	2971
8743	2972
1366	2973
1803	2974
1312	2975
5023	2976
5955	2977
3104	2978
1624	2979
1682	2980
2381	2981
1520	2982
14	2983
2696	2984
5892	2985
2567	2986
5103	2987
663	2988
3441	2989
4956	2990
3184	2991
5937	2992
8790	2993
8446	2994
3	2995
2636	2996
8947	2997
8102	2998
4840	2999
7828	3000
1586	3001
3873	3002
9467	3003
1525	3004
28	3005
2620	3006
5100	3007
9040	3008
81	3009
2625	3010
6828	3011
4856	3012
2932	3013
1494	3014
2824	3015
4	3016
1436	3017
4654	3018
1643	3019
9494	3020
45	3021
9755	3022
7944	3023
2258	3024
2281	3025
8819	3026
1415	3027
2573	3028
1086	3029
2204	3030
1205	3031
3974	3032
1108	3033
3970	3034
2241	3035
9897	3036
7458	3037
5700	3038
2417	3039
6143	3040
3827	3041
8470	3042
2501	3043
4184	3044
9543	3045
7141	3046
5457	3047
4688	3048
7656	3049
8569	3050
8756	3051
3506	3052
6705	3053
9357	3054
5411	3055
1601	3056
8731	3057
5770	3058
7672	3059
8658	3060
6173	3061
4450	3062
9502	3063
5074	3064
2277	3065
2053	3066
5586	3067
9048	3068
8054	3069
371	3070
5194	3071
1493	3072
4534	3073
1286	3074
598	3075
16	3076
7450	3077
3542	3078
6532	3079
2925	3080
1862	3081
1123	3082
4830	3083
2709	3084
4025	3085
8736	3086
198	3087
2455	3088
1399	3089
5170	3090
8099	3091
4576	3092
70	3093
3345	3094
4866	3095
2475	3096
7971	3097
248	3098
5063	3099
9541	3100
8498	3101
2088	3102
1773	3103
8999	3104
5804	3105
5350	3106
6245	3107
1668	3108
6048	3109
8664	3110
45	3111
6431	3112
7356	3113
7063	3114
5391	3115
764	3116
1802	3117
9899	3118
8700	3119
9806	3120
3810	3121
9387	3122
7930	3123
822	3124
4459	3125
7879	3126
8326	3127
9777	3128
6166	3129
2779	3130
3013	3131
1975	3132
7427	3133
8064	3134
9912	3135
9508	3136
5138	3137
2554	3138
3535	3139
1124	3140
7147	3141
2841	3142
9701	3143
5022	3144
4083	3145
2891	3146
9572	3147
2011	3148
1640	3149
6565	3150
2561	3151
2222	3152
9887	3153
3248	3154
9854	3155
7953	3156
1398	3157
1388	3158
426	3159
4618	3160
3534	3161
7881	3162
5543	3163
4264	3164
9811	3165
6516	3166
9856	3167
7835	3168
5228	3169
1092	3170
7074	3171
6798	3172
5422	3173
6806	3174
3680	3175
9513	3176
6492	3177
3563	3178
2261	3179
9030	3180
1088	3181
6462	3182
9311	3183
2370	3184
7307	3185
7959	3186
1819	3187
2707	3188
8821	3189
1631	3190
8304	3191
5630	3192
1259	3193
270	3194
9784	3195
2355	3196
765	3197
7678	3198
11	3199
5687	3200
1062	3201
9274	3202
7109	3203
6461	3204
3376	3205
3598	3206
1735	3207
5987	3208
1953	3209
607	3210
7994	3211
142	3212
5160	3213
9551	3214
7417	3215
8004	3216
4588	3217
8806	3218
5580	3219
1442	3220
7866	3221
4355	3222
7687	3223
4693	3224
3060	3225
8201	3226
8007	3227
1018	3228
274	3229
7247	3230
3770	3231
3574	3232
9375	3233
5509	3234
8815	3235
3831	3236
7334	3237
9489	3238
7861	3239
6502	3240
3667	3241
4381	3242
9498	3243
8224	3244
6701	3245
6180	3246
7508	3247
4429	3248
6691	3249
5239	3250
5867	3251
6906	3252
1965	3253
1221	3254
26	3255
5745	3256
756	3257
1355	3258
1954	3259
2663	3260
6129	3261
7146	3262
9144	3263
7038	3264
8403	3265
8611	3266
8934	3267
6266	3268
5438	3269
8085	3270
2061	3271
1028	3272
9071	3273
604	3274
4820	3275
273	3276
7299	3277
8645	3278
6827	3279
4656	3280
9380	3281
243	3282
6802	3283
2686	3284
933	3285
7294	3286
1985	3287
1009	3288
7813	3289
5488	3290
9555	3291
7975	3292
4560	3293
7324	3294
2518	3295
1538	3296
4990	3297
9524	3298
5472	3299
4934	3300
5096	3301
1546	3302
8033	3303
2328	3304
1368	3305
1698	3306
6277	3307
384	3308
905	3309
6675	3310
1094	3311
1683	3312
2118	3313
557	3314
158	3315
8834	3316
6189	3317
7722	3318
8141	3319
8245	3320
5869	3321
3979	3322
7720	3323
3607	3324
3981	3325
6032	3326
7029	3327
429	3328
7638	3329
2773	3330
5905	3331
1060	3332
1879	3333
9902	3334
7452	3335
7864	3336
7901	3337
7775	3338
5936	3339
4026	3340
9111	3341
2555	3342
4841	3343
13	3344
842	3345
1391	3346
1200	3347
4455	3348
8749	3349
5266	3350
8615	3351
7816	3352
9096	3353
7362	3354
668	3355
5346	3356
7505	3357
767	3358
7537	3359
2656	3360
1251	3361
2006	3362
66	3363
8931	3364
4931	3365
8113	3366
4046	3367
5223	3368
2944	3369
526	3370
7888	3371
3451	3372
8529	3373
1916	3374
2491	3375
5695	3376
1050	3377
3285	3378
5359	3379
2847	3380
8	3381
4616	3382
4362	3383
2699	3384
2377	3385
2562	3386
1956	3387
3590	3388
1330	3389
7495	3390
4278	3391
2368	3392
8782	3393
7965	3394
2303	3395
6106	3396
9416	3397
4536	3398
8324	3399
7811	3400
3145	3401
3166	3402
4732	3403
1641	3404
3123	3405
3071	3406
941	3407
9765	3408
2367	3409
19	3410
8575	3411
5528	3412
8145	3413
2208	3414
9123	3415
9176	3416
4337	3417
4988	3418
5872	3419
9807	3420
8203	3421
815	3422
7151	3423
9362	3424
6381	3425
5663	3426
3756	3427
1946	3428
5717	3429
7591	3430
2025	3431
7525	3432
7917	3433
1043	3434
2547	3435
620	3436
92	3437
5901	3438
6637	3439
9379	3440
6026	3441
761	3442
8879	3443
9873	3444
791	3445
4749	3446
4103	3447
453	3448
4098	3449
3762	3450
552	3451
709	3452
7914	3453
1719	3454
2229	3455
7654	3456
2000	3457
6913	3458
9171	3459
3253	3460
3519	3461
1149	3462
1528	3463
7089	3464
6258	3465
2865	3466
3588	3467
8584	3468
6081	3469
3564	3470
6190	3471
9089	3472
529	3473
6698	3474
6391	3475
3814	3476
6557	3477
3224	3478
2263	3479
9903	3480
8769	3481
2049	3482
484	3483
3265	3484
6257	3485
9223	3486
5118	3487
9774	3488
6738	3489
3689	3490
3692	3491
9650	3492
9886	3493
9216	3494
8728	3495
9103	3496
9109	3497
9219	3498
9517	3499
8987	3500
5307	3501
3952	3502
1274	3503
8724	3504
8727	3505
9104	3506
9420	3507
9421	3508
1064	3509
5296	3510
8214	3511
5982	3512
1022	3513
6490	3514
3222	3515
7695	3516
7212	3517
1582	3518
6201	3519
4762	3520
9344	3521
8328	3522
3211	3523
4947	3524
2780	3525
4955	3526
9201	3527
6009	3528
5113	3529
11	3530
1532	3531
8627	3532
2797	3533
57	3534
848	3535
9599	3536
6709	3537
6341	3538
1151	3539
680	3540
5372	3541
7280	3542
6896	3543
4089	3544
3645	3545
7474	3546
7660	3547
7517	3548
1522	3549
1104	3550
1761	3551
7250	3552
622	3553
521	3554
7042	3555
6784	3556
888	3557
4515	3558
7177	3559
7545	3560
3522	3561
3660	3562
2188	3563
5724	3564
7150	3565
6849	3566
2813	3567
993	3568
9218	3569
3017	3570
6123	3571
363	3572
3100	3573
3356	3574
8268	3575
5531	3576
7375	3577
458	3578
6723	3579
8651	3580
2471	3581
6242	3582
6265	3583
5727	3584
53	3585
4649	3586
3208	3587
1685	3588
3515	3589
6261	3590
8606	3591
1007	3592
9231	3593
4908	3594
4980	3595
2665	3596
1666	3597
9339	3598
770	3599
5857	3600
8541	3601
912	3602
7144	3603
5114	3604
505	3605
6630	3606
4170	3607
2569	3608
3930	3609
9577	3610
7603	3611
5828	3612
2499	3613
1183	3614
186	3615
2380	3616
5253	3617
8688	3618
2155	3619
2524	3620
2223	3621
7016	3622
9557	3623
1323	3624
2712	3625
4063	3626
6351	3627
6888	3628
6091	3629
7807	3630
3048	3631
6860	3632
2586	3633
3538	3634
7752	3635
9399	3636
53	3637
8793	3638
72	3639
9122	3640
7925	3641
635	3642
2967	3643
7986	3644
2234	3645
2034	3646
5316	3647
7540	3648
7721	3649
4584	3650
1403	3651
2012	3652
2912	3653
4758	3654
3844	3655
7442	3656
8368	3657
4673	3658
3114	3659
4277	3660
925	3661
5108	3662
2513	3663
179	3664
6943	3665
7266	3666
6927	3667
4102	3668
3553	3669
6246	3670
6794	3671
4652	3672
2527	3673
6712	3674
5632	3675
7276	3676
7054	3677
1150	3678
2445	3679
4136	3680
4042	3681
6868	3682
4302	3683
3520	3684
6964	3685
9814	3686
8962	3687
7350	3688
7910	3689
8572	3690
8434	3691
1786	3692
2372	3693
6159	3694
4607	3695
4009	3696
1554	3697
2971	3698
7319	3699
1417	3700
8285	3701
3766	3702
6291	3703
3438	3704
6380	3705
4082	3706
8530	3707
8277	3708
4993	3709
7886	3710
528	3711
20	3712
4788	3713
3871	3714
2027	3715
4941	3716
4912	3717
5879	3718
180	3719
9119	3720
5001	3721
9230	3722
5080	3723
1784	3724
7471	3725
227	3726
4793	3727
4174	3728
9648	3729
7165	3730
9299	3731
9645	3732
6392	3733
1632	3734
6230	3735
3902	3736
5683	3737
7234	3738
5792	3739
1900	3740
1840	3741
1572	3742
8580	3743
7286	3744
6674	3745
5247	3746
8312	3747
1182	3748
3633	3749
6163	3750
7633	3751
1998	3752
6475	3753
3594	3754
8726	3755
8748	3756
8522	3757
1906	3758
310	3759
2546	3760
8930	3761
8814	3762
9843	3763
6000	3764
7817	3765
8467	3766
3307	3767
8027	3768
73	3769
2336	3770
8000	3771
6544	3772
8167	3773
365	3774
7706	3775
5610	3776
6385	3777
4250	3778
3629	3779
1275	3780
4689	3781
7085	3782
2716	3783
599	3784
2089	3785
3688	3786
777	3787
3795	3788
3364	3789
2048	3790
4111	3791
6074	3792
3893	3793
2092	3794
8140	3795
3642	3796
1849	3797
5162	3798
3340	3799
3238	3800
3152	3801
3857	3802
7876	3803
3411	3804
9396	3805
1113	3806
6507	3807
4199	3808
9849	3809
4315	3810
9369	3811
7507	3812
9323	3813
7087	3814
8503	3815
1901	3816
1044	3817
805	3818
6589	3819
9250	3820
5539	3821
5078	3822
5853	3823
6405	3824
5851	3825
4339	3826
3219	3827
4882	3828
3744	3829
8886	3830
4373	3831
2754	3832
5150	3833
3984	3834
2714	3835
7674	3836
2340	3837
4396	3838
7480	3839
82	3840
5518	3841
5278	3842
7302	3843
7539	3844
9525	3845
8159	3846
4748	3847
8975	3848
8477	3849
9835	3850
6443	3851
3335	3852
929	3853
9094	3854
4279	3855
6945	3856
356	3857
1920	3858
8335	3859
2116	3860
3141	3861
7995	3862
6668	3863
973	3864
1277	3865
8212	3866
7739	3867
6027	3868
6229	3869
104	3870
9157	3871
3953	3872
8078	3873
705	3874
393	3875
3754	3876
9614	3877
5894	3878
3995	3879
2616	3880
7500	3881
1218	3882
2227	3883
1479	3884
8152	3885
159	3886
36	3887
76	3888
9669	3889
8867	3890
3947	3891
3696	3892
5629	3893
8902	3894
75	3895
3986	3896
6799	3897
3541	3898
4332	3899
8579	3900
3927	3901
7105	3902
7905	3903
8002	3904
5984	3905
4131	3906
6157	3907
1210	3908
6260	3909
9121	3910
4571	3911
9443	3912
9037	3913
3566	3914
146	3915
3557	3916
3732	3917
698	3918
6344	3919
560	3920
344	3921
4415	3922
504	3923
4707	3924
4994	3925
2363	3926
1621	3927
4783	3928
8216	3929
5466	3930
8496	3931
2315	3932
5309	3933
4667	3934
6730	3935
7890	3936
6250	3937
3074	3938
264	3939
8281	3940
2321	3941
6663	3942
8646	3943
8843	3944
8388	3945
367	3946
7139	3947
693	3948
5389	3949
683	3950
9345	3951
8076	3952
8610	3953
1158	3954
8457	3955
885	3956
570	3957
1450	3958
4751	3959
8801	3960
3160	3961
8563	3962
660	3963
48	3964
1239	3965
4156	3966
7928	3967
2459	3968
6013	3969
3836	3970
3023	3971
3421	3972
3646	3973
6428	3974
7555	3975
6777	3976
7900	3977
7501	3978
923	3979
4653	3980
6494	3981
813	3982
7021	3983
3908	3984
8454	3985
1753	3986
1300	3987
5098	3988
1988	3989
2244	3990
3136	3991
679	3992
1459	3993
1927	3994
3177	3995
9770	3996
3861	3997
5588	3998
3230	3999
1578	4000
4486	4001
1394	4002
391	4003
9011	4004
1428	4005
96	4006
6832	4007
6008	4008
1908	4009
1091	4010
7389	4011
4474	4012
7408	4013
6836	4014
3270	4015
9828	4016
9617	4017
9616	4018
7475	4019
1508	4020
5088	4021
2343	4022
8637	4023
1168	4024
8341	4025
364	4026
6208	4027
44	4028
3294	4029
7081	4030
2844	4031
5594	4032
1382	4033
9665	4034
567	4035
6436	4036
6620	4037
282	4038
6533	4039
250	4040
8640	4041
3745	4042
3072	4043
801	4044
5906	4045
1576	4046
7582	4047
7855	4048
9632	4049
2468	4050
6512	4051
4003	4052
5368	4053
8016	4054
1227	4055
9152	4056
7661	4057
6059	4058
8855	4059
133	4060
8910	4061
2032	4062
5887	4063
741	4064
8846	4065
3496	4066
9313	4067
5501	4068
4204	4069
5964	4070
4468	4071
3647	4072
1836	4073
1603	4074
9734	4075
2273	4076
5551	4077
5582	4078
5600	4079
267	4080
2289	4081
6295	4082
4822	4083
6610	4084
1931	4085
7818	4086
3730	4087
3014	4088
6907	4089
297	4090
2507	4091
924	4092
8876	4093
6416	4094
3462	4095
3648	4096
4473	4097
468	4098
7693	4099
7180	4100
1807	4101
431	4102
9088	4103
4613	4104
2316	4105
8432	4106
4708	4107
8398	4108
9161	4109
2823	4110
2795	4111
1322	4112
338	4113
9864	4114
6552	4115
9007	4116
4480	4117
8154	4118
6178	4119
4253	4120
4638	4121
9415	4122
6764	4123
7621	4124
4348	4125
747	4126
7167	4127
5726	4128
1233	4129
6024	4130
6676	4131
7230	4132
8209	4133
2782	4134
674	4135
8133	4136
6781	4137
8718	4138
4999	4139
6914	4140
4546	4141
2383	4142
9284	4143
7211	4144
4287	4145
1339	4146
4721	4147
6614	4148
7583	4149
8469	4150
5655	4151
5807	4152
6554	4153
6624	4154
5286	4155
8552	4156
4001	4157
6743	4158
1109	4159
6859	4160
4683	4161
5133	4162
5921	4163
1805	4164
9715	4165
1314	4166
5157	4167
4951	4168
7359	4169
7033	4170
7468	4171
2572	4172
4274	4173
2402	4174
2854	4175
838	4176
2972	4177
5143	4178
8693	4179
793	4180
5106	4181
8129	4182
4013	4183
608	4184
1667	4185
4487	4186
7261	4187
437	4188
9232	4189
1023	4190
2264	4191
4187	4192
7627	4193
5013	4194
9680	4195
9043	4196
6925	4197
1270	4198
2294	4199
4198	4200
2173	4201
8495	4202
792	4203
191	4204
7140	4205
8708	4206
2018	4207
4331	4208
2819	4209
9453	4210
8545	4211
4590	4212
4182	4213
2160	4214
3049	4215
7412	4216
5116	4217
3666	4218
7120	4219
9136	4220
5861	4221
4233	4222
1542	4223
849	4224
2900	4225
7472	4226
7342	4227
3709	4228
2941	4229
3540	4230
3800	4231
9077	4232
3374	4233
2648	4234
2076	4235
2902	4236
7913	4237
8763	4238
6780	4239
4819	4240
3042	4241
5756	4242
7810	4243
3717	4244
717	4245
223	4246
1114	4247
8273	4248
5781	4249
4861	4250
7846	4251
4163	4252
8888	4253
3355	4254
8626	4255
7083	4256
2295	4257
6237	4258
7453	4259
3603	4260
4273	4261
5641	4262
3032	4263
9546	4264
9134	4265
6348	4266
540	4267
3972	4268
6004	4269
4081	4270
6063	4271
3370	4272
1898	4273
1118	4274
4846	4275
3705	4276
3663	4277
4289	4278
2508	4279
7967	4280
155	4281
7318	4282
2269	4283
5314	4284
6774	4285
6234	4286
9656	4287
3627	4288
4041	4289
539	4290
5986	4291
3078	4292
4530	4293
8200	4294
8137	4295
3697	4296
4364	4297
883	4298
3618	4299
2030	4300
592	4301
5250	4302
5831	4303
6018	4304
2447	4305
2010	4306
5916	4307
5465	4308
1799	4309
8208	4310
5871	4311
9317	4312
9516	4313
5090	4314
3924	4315
1855	4316
1137	4317
5329	4318
5876	4319
6763	4320
2926	4321
2495	4322
1983	4323
5441	4324
3874	4325
7787	4326
6470	4327
2101	4328
5750	4329
2897	4330
1180	4331
3197	4332
2538	4333
5738	4334
9561	4335
7378	4336
509	4337
1691	4338
8026	4339
9720	4340
6616	4341
6740	4342
2592	4343
3255	4344
5808	4345
1029	4346
9033	4347
9901	4348
1342	4349
7798	4350
2588	4351
2674	4352
6001	4353
3116	4354
4094	4355
2689	4356
5777	4357
8125	4358
7616	4359
1960	4360
3640	4361
1938	4362
3703	4363
669	4364
5881	4365
9398	4366
1842	4367
6522	4368
3691	4369
5508	4370
4811	4371
7989	4372
3698	4373
7970	4374
3318	4375
728	4376
3384	4377
4179	4378
4218	4379
206	4380
2593	4381
17	4382
8973	4383
5985	4384
512	4385
8588	4386
1740	4387
8034	4388
7805	4389
7385	4390
7794	4391
6930	4392
9208	4393
6718	4394
571	4395
2200	4396
796	4397
7719	4398
3946	4399
6923	4400
6072	4401
8022	4402
6464	4403
415	4404
7061	4405
9279	4406
395	4407
700	4408
7457	4409
2960	4410
6658	4411
3523	4412
4854	4413
4017	4414
1856	4415
7705	4416
2464	4417
2530	4418
9454	4419
9300	4420
2265	4421
7278	4422
9371	4423
7349	4424
4124	4425
6417	4426
1811	4427
7267	4428
501	4429
2765	4430
1894	4431
3456	4432
1693	4433
3237	4434
3449	4435
6376	4436
8233	4437
7312	4438
7123	4439
2375	4440
9239	4441
8553	4442
5595	4443
21	4444
9330	4445
5844	4446
7399	4447
2601	4448
3016	4449
9376	4450
4496	4451
4443	4452
6501	4453
5932	4454
4773	4455
2211	4456
569	4457
6255	4458
1350	4459
2267	4460
5801	4461
6486	4462
6987	4463
4341	4464
9093	4465
6736	4466
6897	4467
4282	4468
1670	4469
1872	4470
24	4471
8219	4472
4543	4473
2506	4474
5068	4475
8771	4476
8567	4477
8117	4478
8379	4479
9236	4480
4499	4481
9497	4482
6592	4483
3108	4484
823	4485
9499	4486
3716	4487
9594	4488
7421	4489
6733	4490
9061	4491
4352	4492
6956	4493
4614	4494
5898	4495
2511	4496
1991	4497
8450	4498
9338	4499
3656	4500
18	4501
6158	4502
6319	4503
4942	4504
7742	4505
4072	4506
2868	4507
1566	4508
14	4509
8990	4510
2450	4511
3695	4512
4219	4513
6079	4514
6412	4515
5487	4516
3062	4517
596	4518
3004	4519
1313	4520
6316	4521
839	4522
6452	4523
6869	4524
2502	4525
5939	4526
499	4527
2643	4528
3329	4529
3097	4530
9542	4531
7156	4532
1387	4533
8104	4534
4864	4535
463	4536
8526	4537
6885	4538
1593	4539
2545	4540
5	4541
7333	4542
6909	4543
9162	4544
1559	4545
8207	4546
656	4547
2682	4548
7858	4549
1324	4550
9495	4551
4545	4552
3280	4553
1454	4554
1921	4555
1919	4556
5062	4557
2928	4558
2737	4559
4991	4560
1665	4561
7562	4562
4733	4563
2664	4564
3428	4565
5222	4566
3892	4567
6878	4568
5006	4569
1331	4570
6268	4571
8455	4572
763	4573
4071	4574
7264	4575
7801	4576
2106	4577
7325	4578
3956	4579
1881	4580
4858	4581
9654	4582
5484	4583
8423	4584
9229	4585
9511	4586
8077	4587
1878	4588
516	4589
1208	4590
6442	4591
1764	4592
6702	4593
4855	4594
884	4595
551	4596
340	4597
6142	4598
8288	4599
7663	4600
779	4601
6916	4602
235	4603
8613	4604
1170	4605
4867	4606
1133	4607
8071	4608
7803	4609
130	4610
8300	4611
6263	4612
6617	4613
2421	4614
6041	4615
7256	4616
354	4617
6707	4618
6917	4619
9611	4620
8706	4621
3975	4622
6797	4623
9069	4624
4062	4625
6776	4626
988	4627
9752	4628
3482	4629
3221	4630
7461	4631
7358	4632
9688	4633
9291	4634
2046	4635
1367	4636
3626	4637
6149	4638
7416	4639
4360	4640
6108	4641
7336	4642
4469	4643
5926	4644
4568	4645
7903	4646
7413	4647
7400	4648
216	4649
288	4650
3419	4651
8150	4652
8764	4653
3913	4654
6318	4655
9719	4656
66	4657
2350	4658
2890	4659
199	4660
537	4661
4548	4662
6904	4663
5301	4664
5035	4665
8904	4666
6999	4667
4831	4668
9595	4669
971	4670
6052	4671
6147	4672
4834	4673
9009	4674
8427	4675
4628	4676
9805	4677
876	4678
9885	4679
6393	4680
9554	4681
5938	4682
5649	4683
6374	4684
373	4685
1348	4686
6096	4687
3560	4688
7954	4689
6729	4690
6498	4691
4533	4692
9316	4693
9112	4694
6298	4695
5374	4696
7159	4697
6016	4698
3906	4699
7008	4700
9370	4701
4522	4702
5322	4703
8149	4704
1695	4705
9628	4706
1438	4707
5611	4708
673	4709
5500	4710
1963	4711
6445	4712
1596	4713
7863	4714
51	4715
8179	4716
5997	4717
8389	4718
3034	4719
8779	4720
5943	4721
5005	4722
114	4723
1711	4724
6134	4725
7544	4726
3454	4727
5463	4728
7018	4729
6296	4730
8511	4731
3612	4732
5404	4733
3436	4734
342	4735
6553	4736
1213	4737
4125	4738
549	4739
8317	4740
7754	4741
3151	4742
4145	4743
6861	4744
91	4745
9823	4746
5258	4747
3339	4748
5778	4749
5337	4750
6203	4751
631	4752
7503	4753
5058	4754
2098	4755
494	4756
1964	4757
6597	4758
7135	4759
4489	4760
7604	4761
5599	4762
7845	4763
1186	4764
6696	4765
7962	4766
4419	4767
4535	4768
1103	4769
8958	4770
3409	4771
3886	4772
2478	4773
5384	4774
3217	4775
1319	4776
1896	4777
6315	4778
2266	4779
4672	4780
5125	4781
1316	4782
5048	4783
1267	4784
4906	4785
4961	4786
9002	4787
1696	4788
8677	4789
1429	4790
1940	4791
7696	4792
2302	4793
2835	4794
7715	4795
8858	4796
7632	4797
9529	4798
2863	4799
6345	4800
9146	4801
2115	4802
7426	4803
7322	4804
2446	4805
7570	4806
5532	4807
178	4808
6042	4809
8589	4810
7024	4811
8370	4812
6421	4813
3216	4814
3998	4815
5124	4816
5648	4817
3388	4818
7777	4819
5331	4820
8979	4821
3471	4822
2563	4823
8898	4824
8325	4825
2429	4826
2637	4827
9252	4828
1687	4829
2557	4830
4915	4831
3450	4832
1826	4833
2984	4834
1165	4835
4259	4836
2767	4837
1770	4838
59	4839
2278	4840
8723	4841
5968	4842
9733	4843
167	4844
3503	4845
9898	4846
6061	4847
1933	4848
8182	4849
3869	4850
9842	4851
296	4852
2473	4853
5713	4854
9540	4855
4959	4856
1468	4857
8192	4858
4030	4859
4709	4860
5541	4861
4504	4862
376	4863
327	4864
8776	4865
4371	4866
6425	4867
5467	4868
5333	4869
4585	4870
7797	4871
8528	4872
8073	4873
218	4874
9626	4875
940	4876
5534	4877
977	4878
8628	4879
2889	4880
3396	4881
3202	4882
7185	4883
4640	4884
8385	4885
689	4886
9309	4887
732	4888
8633	4889
4833	4890
1190	4891
4752	4892
9779	4893
4872	4894
7745	4895
7031	4896
4627	4897
5032	4898
7243	4899
3833	4900
8050	4901
440	4902
4982	4903
4201	4904
2296	4905
6530	4906
3775	4907
1858	4908
8323	4909
2462	4910
2435	4911
5748	4912
4869	4913
9439	4914
5281	4915
1397	4916
8542	4917
36	4918
4919	4919
2392	4920
6057	4921
2496	4922
642	4923
8276	4924
1888	4925
2685	4926
3122	4927
3706	4928
1406	4929
1315	4930
3440	4931
4712	4932
5960	4933
7446	4934
7435	4935
3382	4936
8309	4937
9055	4938
3426	4939
4194	4940
1196	4941
1175	4942
6491	4943
2668	4944
3295	4945
240	4946
4659	4947
9315	4948
3327	4949
6542	4950
9035	4951
8366	4952
7675	4953
4657	4954
4150	4955
9483	4956
671	4957
8235	4958
5414	4959
3324	4960
6379	4961
926	4962
3859	4963
3243	4964
1523	4965
5166	4966
6566	4967
3311	4968
6510	4969
9446	4970
1527	4971
63	4972
9766	4973
3713	4974
6499	4975
4789	4976
1015	4977
6629	4978
2629	4979
6309	4980
9158	4981
348	4982
1839	4983
5574	4984
5950	4985
176	4986
1863	4987
5014	4988
5241	4989
9910	4990
1447	4991
1184	4992
4366	4993
3976	4994
8361	4995
3562	4996
8083	4997
2349	4998
3195	4999
633	5000
4650	5001
2671	5002
2801	5003
1054	5004
3348	5005
7015	5006
1212	5007
2769	5008
9629	5009
4516	5010
9031	5011
304	5012
1791	5013
1353	5014
9320	5015
2706	5016
8919	5017
7577	5018
71	5019
6326	5020
7708	5021
1657	5022
6433	5023
6805	5024
4630	5025
1194	5026
6397	5027
8456	5028
9395	5029
9129	5030
1747	5031
3790	5032
3941	5033
2225	5034
4891	5035
781	5036
6587	5037
6588	5038
6483	5039
6877	5040
6949	5041
8827	5042
1041	5043
5780	5044
1957	5045
4292	5046
2308	5047
4730	5048
4039	5049
6248	5050
3474	5051
9200	5052
7774	5053
7842	5054
3274	5055
6841	5056
959	5057
685	5058
8110	5059
5910	5060
8185	5061
6810	5062
4442	5063
8643	5064
301	5065
2351	5066
29	5067
7834	5068
8573	5069
9251	5070
7785	5071
2597	5072
2393	5073
8851	5074
8318	5075
4342	5076
6154	5077
7950	5078
1032	5079
5449	5080
4147	5081
7588	5082
5701	5083
3296	5084
6025	5085
1550	5086
6929	5087
5550	5088
8684	5089
6816	5090
287	5091
7241	5092
3457	5093
2180	5094
6807	5095
5515	5096
4059	5097
1511	5098
9365	5099
8762	5100
3817	5101
2131	5102
5817	5103
2609	5104
3772	5105
6506	5106
7160	5107
3570	5108
5061	5109
2746	5110
44	5111
9349	5112
6426	5113
8994	5114
7549	5115
8100	5116
5820	5117
6441	5118
6665	5119
1096	5120
2565	5121
4664	5122
8492	5123
7454	5124
5953	5125
7637	5126
4775	5127
920	5128
3846	5129
8435	5130
1607	5131
5182	5132
2297	5133
5947	5134
3007	5135
2570	5136
9520	5137
9426	5138
5192	5139
3115	5140
1245	5141
3138	5142
9302	5143
8350	5144
6358	5145
4192	5146
7079	5147
628	5148
244	5149
3650	5150
3581	5151
5037	5152
6207	5153
1292	5154
2833	5155
79	5156
5252	5157
4777	5158
2182	5159
9816	5160
305	5161
4681	5162
3175	5163
3317	5164
802	5165
4161	5166
2516	5167
8527	5168
2322	5169
8546	5170
7381	5171
8497	5172
1699	5173
4454	5174
4391	5175
4246	5176
6084	5177
7059	5178
6195	5179
2851	5180
3153	5181
2719	5182
5593	5183
9717	5184
4763	5185
3768	5186
7326	5187
7290	5188
3632	5189
558	5190
7598	5191
6329	5192
7064	5193
7647	5194
921	5195
661	5196
9438	5197
6684	5198
4765	5199
6651	5200
1236	5201
9087	5202
303	5203
1217	5204
5961	5205
1352	5206
8375	5207
4711	5208
2280	5209
2838	5210
4458	5211
8005	5212
3064	5213
3075	5214
6171	5215
5718	5216
3988	5217
2759	5218
1287	5219
5028	5220
4043	5221
2726	5222
2145	5223
5592	5224
1329	5225
3845	5226
5682	5227
6055	5228
7867	5229
8757	5230
5094	5231
755	5232
4559	5233
1660	5234
8011	5235
9095	5236
5478	5237
3082	5238
9890	5239
3824	5240
9255	5241
2858	5242
50	5243
8160	5244
3083	5245
3524	5246
2409	5247
2619	5248
5456	5249
9909	5250
1192	5251
8056	5252
3326	5253
3050	5254
1783	5255
396	5256
7513	5257
6641	5258
4995	5259
1730	5260
4593	5261
2647	5262
3012	5263
3357	5264
1922	5265
9604	5266
8721	5267
4281	5268
2541	5269
894	5270
4109	5271
9258	5272
5816	5273
7666	5274
9888	5275
1222	5276
5833	5277
7487	5278
4303	5279
677	5280
6561	5281
7594	5282
1008	5283
3600	5284
4408	5285
7590	5286
4610	5287
8122	5288
4162	5289
3231	5290
7628	5291
8097	5292
852	5293
759	5294
2286	5295
4141	5296
8714	5297
4197	5298
83	5299
2786	5300
684	5301
3492	5302
8559	5303
7447	5304
6517	5305
2708	5306
1209	5307
5836	5308
3928	5309
2174	5310
9881	5311
5924	5312
5737	5313
6453	5314
347	5315
8641	5316
8968	5317
572	5318
9743	5319
9707	5320
742	5321
611	5322
5635	5323
9841	5324
6156	5325
724	5326
766	5327
2757	5328
1870	5329
7392	5330
7097	5331
8287	5332
7543	5333
4641	5334
5922	5335
6406	5336
5545	5337
4734	5338
6223	5339
1774	5340
7221	5341
9325	5342
1995	5343
4462	5344
2161	5345
3395	5346
6822	5347
5673	5348
6839	5349
9455	5350
1414	5351
6966	5352
9863	5353
9350	5354
1704	5355
5934	5356
4425	5357
7246	5358
9785	5359
7870	5360
6212	5361
89	5362
6333	5363
400	5364
5344	5365
3343	5366
1338	5367
7711	5368
6396	5369
1637	5370
4155	5371
4048	5372
7237	5373
9160	5374
7595	5375
8942	5376
4472	5377
7885	5378
702	5379
2915	5380
5053	5381
6235	5382
7355	5383
5650	5384
3914	5385
169	5386
6286	5387
6579	5388
6737	5389
2437	5390
6983	5391
8297	5392
5445	5393
9000	5394
2535	5395
5558	5396
2357	5397
4929	5398
1688	5399
2687	5400
2585	5401
9018	5402
9130	5403
8400	5404
9212	5405
5127	5406
6754	5407
6304	5408
2749	5409
2232	5410
1516	5411
613	5412
6523	5413
1793	5414
1038	5415
754	5416
5623	5417
2531	5418
4968	5419
4680	5420
7908	5421
1768	5422
1407	5423
1193	5424
7564	5425
3404	5426
12	5427
2245	5428
9254	5429
3407	5430
7107	5431
4849	5432
5840	5433
2959	5434
2903	5435
7069	5436
8107	5437
4573	5438
1278	5439
2857	5440
4040	5441
2760	5442
1167	5443
375	5444
2993	5445
3431	5446
2020	5447
530	5448
9610	5449
5267	5450
28	5451
7793	5452
1363	5453
8010	5454
5821	5455
6528	5456
6881	5457
1614	5458
3634	5459
73	5460
5360	5461
9798	5462
4736	5463
485	5464
7681	5465
7558	5466
4503	5467
6472	5468
6262	5469
4165	5470
425	5471
5245	5472
7560	5473
3624	5474
4798	5475
3262	5476
2514	5477
6801	5478
5308	5479
9256	5480
3580	5481
3991	5482
8217	5483
6446	5484
9532	5485
7080	5486
9649	5487
5776	5488
471	5489
4409	5490
5413	5491
7748	5492
8021	5493
7574	5494
917	5495
8044	5496
9245	5497
3267	5498
2843	5499
4600	5500
3232	5501
3085	5502
2298	5503
2387	5504
1558	5505
992	5506
719	5507
9099	5508
7210	5509
3105	5510
6882	5511
5292	5512
6854	5513
9358	5514
9605	5515
3432	5516
769	5517
6884	5518
3682	5519
1220	5520
8332	5521
2477	5522
7124	5523
4674	5524
6872	5525
6782	5526
6875	5527
6948	5528
1816	5529
4594	5530
617	5531
6365	5532
651	5533
394	5534
7082	5535
351	5536
9285	5537
7669	5538
427	5539
7075	5540
6976	5541
183	5542
6873	5543
245	5544
6306	5545
5146	5546
6398	5547
5460	5548
9142	5549
3190	5550
556	5551
9227	5552
8180	5553
1400	5554
7597	5555
2218	5556
1457	5557
2354	5558
4432	5559
2016	5560
69	5561
6411	5562
2881	5563
5878	5564
4493	5565
3309	5566
6313	5567
8991	5568
350	5569
5658	5570
4770	5571
4918	5572
3203	5573
2077	5574
5084	5575
1318	5576
2398	5577
3987	5578
5846	5579
8174	5580
3905	5581
3472	5582
1485	5583
2681	5584
5865	5585
67	5586
1823	5587
878	5588
8346	5589
9434	5590
7157	5591
7473	5592
4460	5593
3723	5594
5233	5595
1697	5596
3297	5597
7685	5598
1882	5599
953	5600
531	5601
519	5602
6582	5603
1026	5604
9012	5605
8148	5606
8116	5607
387	5608
8410	5609
618	5610
5880	5611
995	5612
4464	5613
1574	5614
7498	5615
7436	5616
251	5617
446	5618
9402	5619
6591	5620
8038	5621
6193	5622
9473	5623
7006	5624
1215	5625
3022	5626
4780	5627
8816	5628
3825	5629
1626	5630
7535	5631
7395	5632
9153	5633
6454	5634
9145	5635
4490	5636
6979	5637
6205	5638
4190	5639
4090	5640
6856	5641
2627	5642
8868	5643
8052	5644
2829	5645
1132	5646
4444	5647
5105	5648
1252	5649
6002	5650
8488	5651
107	5652
134	5653
3507	5654
13	5655
5818	5656
2953	5657
7219	5658
2821	5659
1053	5660
1622	5661
853	5662
952	5663
525	5664
1594	5665
5834	5666
7718	5667
7077	5668
9829	5669
723	5670
7072	5671
8630	5672
1834	5673
2141	5674
3856	5675
3387	5676
448	5677
597	5678
812	5679
9822	5680
996	5681
4248	5682
272	5683
4438	5684
8506	5685
8151	5686
7111	5687
236	5688
3729	5689
7607	5690
9384	5691
6332	5692
8937	5693
8869	5694
2697	5695
5492	5696
7800	5697
9789	5698
4016	5699
3286	5700
1760	5701
1758	5702
1750	5703
7983	5704
398	5705
3854	5706
4727	5707
9312	5708
6368	5709
9333	5710
1011	5711
5764	5712
7736	5713
1540	5714
6840	5715
5812	5716
4006	5717
3303	5718
9221	5719
6887	5720
222	5721
7390	5722
7182	5723
8629	5724
3671	5725
6573	5726
3631	5727
231	5728
760	5729
7175	5730
3864	5731
3402	5732
7003	5733
7189	5734
9063	5735
2037	5736
1501	5737
5156	5738
4755	5739
7283	5740
3897	5741
6858	5742
5435	5743
1767	5744
4325	5745
3315	5746
2009	5747
5714	5748
746	5749
9539	5750
7784	5751
4324	5752
6560	5753
5505	5754
8995	5755
5785	5756
1471	5757
1498	5758
2063	5759
4735	5760
559	5761
9391	5762
8551	5763
7162	5764
8001	5765
234	5766
5424	5767
8173	5768
6284	5769
982	5770
8178	5771
9059	5772
7455	5773
8191	5774
1308	5775
6759	5776
4101	5777
5054	5778
3622	5779
30	5780
2154	5781
2509	5782
5380	5783
7792	5784
3961	5785
857	5786
640	5787
9289	5788
2591	5789
7129	5790
8750	5791
7673	5792
5712	5793
9550	5794
6383	5795
252	5796
5562	5797
5606	5798
9601	5799
1883	5800
8953	5801
1939	5802
3539	5803
4781	5804
9728	5805
436	5806
2432	5807
7744	5808
4177	5809
4561	5810
9748	5811
8241	5812
1162	5813
3604	5814
8089	5815
8119	5816
4	5817
6133	5818
8845	5819
5637	5820
3725	5821
7520	5822
4414	5823
6829	5824
419	5825
8087	5826
1082	5827
1242	5828
1534	5829
3826	5830
4986	5831
9778	5832
1255	5833
3047	5834
4212	5835
9281	5836
4538	5837
1629	5838
2330	5839
2221	5840
2604	5841
1	5842
8349	5843
2704	5844
1598	5845
2883	5846
6756	5847
4181	5848
5994	5849
5753	5850
80	5851
3714	5852
3983	5853
8362	5854
5343	5855
3183	5856
9884	5857
782	5858
2181	5859
8296	5860
585	5861
8003	5862
5197	5863
8378	5864
553	5865
6824	5866
5788	5867
9586	5868
6901	5869
4970	5870
2086	5871
9545	5872
762	5873
3200	5874
518	5875
9536	5876
4495	5877
7425	5878
8596	5879
5870	5880
8029	5881
5451	5882
3958	5883
8652	5884
7409	5885
8018	5886
5446	5887
8508	5888
6741	5889
8342	5890
6240	5891
9070	5892
1475	5893
2722	5894
3092	5895
7610	5896
4113	5897
6847	5898
1288	5899
8666	5900
3334	5901
1847	5902
2121	5903
2870	5904
7532	5905
7670	5906
411	5907
2738	5908
80	5909
8265	5910
7361	5911
5079	5912
5020	5913
7631	5914
5201	5915
4388	5916
7806	5917
8741	5918
4133	5919
5381	5920
5842	5921
7550	5922
5443	5923
1875	5924
2861	5925
2166	5926
7215	5927
1	5928
5003	5929
4985	5930
5209	5931
4923	5932
4698	5933
307	5934
704	5935
8740	5936
8813	5937
2146	5938
5923	5939
7478	5940
409	5941
469	5942
200	5943
6931	5944
154	5945
2641	5946
2885	5947
357	5948
826	5949
7203	5950
4772	5951
4898	5952
1413	5953
5767	5954
8489	5955
3850	5956
7712	5957
858	5958
8138	5959
8333	5960
7136	5961
8961	5962
2209	5963
5875	5964
2371	5965
9904	5966
960	5967
4826	5968
6689	5969
6727	5970
5348	5971
3619	5972
5794	5973
8376	5974
6022	5975
7602	5976
1530	5977
4581	5978
4958	5979
5622	5980
4611	5981
9247	5982
2969	5983
1059	5984
8577	5985
5790	5986
5571	5987
2768	5988
1374	5989
4938	5990
5214	5991
6141	5992
9760	5993
1199	5994
1197	5995
2444	5996
3448	5997
1359	5998
538	5999
2605	6000
5039	6001
9355	6002
3385	6003
2973	6004
5224	6005
4838	6006
1565	6007
6758	6008
3835	6009
1575	6010
2930	6011
1083	6012
2662	6013
7919	6014
5786	6015
2762	6016
1464	6017
3019	6018
2484	6019
67	6020
1521	6021
4984	6022
7961	6023
4241	6024
1874	6025
4996	6026
6819	6027
2669	6028
4002	6029
6866	6030
150	6031
4322	6032
3985	6033
1122	6034
9204	6035
9440	6036
1738	6037
7281	6038
966	6039
6578	6040
5489	6041
7287	6042
872	6043
6766	6044
7331	6045
3753	6046
3089	6047
137	6048
8171	6049
7776	6050
6202	6051
8157	6052
580	6053
6355	6054
9057	6055
8509	6056
5056	6057
6633	6058
5432	6059
930	6060
2047	6061
6933	6062
3227	6063
5017	6064
2052	6065
9210	6066
9686	6067
5653	6068
4728	6069
8830	6070
9615	6071
6563	6072
8135	6073
9038	6074
7836	6075
317	6076
5963	6077
4509	6078
6407	6079
1861	6080
1380	6081
1562	6082
666	6083
4272	6084
5525	6085
1249	6086
9480	6087
7051	6088
4965	6089
6045	6090
4848	6091
6359	6092
8298	6093
6394	6094
2164	6095
8795	6096
5860	6097
9732	6098
451	6099
9465	6100
1445	6101
9625	6102
1798	6103
5178	6104
5269	6105
9775	6106
4713	6107
7991	6108
8396	6109
4370	6110
6053	6111
4249	6112
9457	6113
3378	6114
5227	6115
7832	6116
3341	6117
6955	6118
2169	6119
2879	6120
5971	6121
1873	6122
9078	6123
7328	6124
450	6125
6648	6126
9211	6127
2599	6128
4022	6129
821	6130
3323	6131
2688	6132
1567	6133
9792	6134
1127	6135
8271	6136
5668	6137
7642	6138
4757	6139
6077	6140
8459	6141
4477	6142
5646	6143
5184	6144
7619	6145
9329	6146
6753	6147
8696	6148
7690	6149
8051	6150
9283	6151
9269	6152
9270	6153
5839	6154
6965	6155
7321	6156
7149	6157
7933	6158
8617	6159
8510	6160
6671	6161
5151	6162
7437	6163
9209	6164
7337	6165
8176	6166
8715	6167
9621	6168
8031	6169
9738	6170
8747	6171
9791	6172
6481	6173
7056	6174
6687	6175
6340	6176
9066	6177
6790	6178
7894	6179
7032	6180
6292	6181
841	6182
6504	6183
360	6184
2162	6185
978	6186
7717	6187
8315	6188
9500	6189
8936	6190
9652	6191
175	6192
5459	6193
1269	6194
1347	6195
6939	6196
8037	6197
1535	6198
8859	6199
5966	6200
6386	6201
5288	6202
3957	6203
6342	6204
7329	6205
438	6206
4149	6207
7418	6208
4304	6209
3996	6210
1724	6211
6132	6212
3889	6213
1440	6214
1364	6215
6228	6216
3313	6217
2595	6218
5895	6219
4301	6220
6105	6221
2790	6222
3366	6223
7779	6224
1390	6225
2728	6226
4873	6227
864	6228
1794	6229
9149	6230
655	6231
1500	6232
8046	6233
2826	6234
2635	6235
4384	6236
4343	6237
7401	6238
8041	6239
1136	6240
8354	6241
9154	6242
8861	6243
5802	6244
9436	6245
228	6246
5295	6247
9620	6248
1072	6249
1579	6250
523	6251
5304	6252
8165	6253
4825	6254
1125	6255
3514	6256
1619	6257
5388	6258
931	6259
1731	6260
4099	6261
5029	6262
9537	6263
7464	6264
2399	6265
1634	6266
8820	6267
4265	6268
5908	6269
2556	6270
6107	6271
1035	6272
1337	6273
5097	6274
3399	6275
6221	6276
5930	6277
9159	6278
2755	6279
1145	6280
729	6281
372	6282
9419	6283
1202	6284
9297	6285
2335	6286
4506	6287
1962	6288
3809	6289
4599	6290
8040	6291
6414	6292
9295	6293
1987	6294
2873	6295
6971	6296
3765	6297
1405	6298
2423	6299
1553	6300
1618	6301
3870	6302
4676	6303
8817	6304
7759	6305
8704	6306
7958	6307
5575	6308
124	6309
546	6310
1392	6311
5352	6312
9573	6313
2190	6314
2924	6315
1289	6316
5996	6317
3276	6318
389	6319
4311	6320
4034	6321
8131	6322
7931	6323
2126	6324
4813	6325
2240	6326
3901	6327
2449	6328
5364	6329
2623	6330
4237	6331
3943	6332
8424	6333
5838	6334
612	6335
102	6336
8921	6337
1271	6338
6985	6339
2175	6340
5572	6341
6471	6342
9619	6343
1887	6344
4033	6345
6857	6346
9592	6347
1446	6348
4290	6349
2439	6350
1620	6351
4623	6352
4540	6353
6618	6354
6377	6355
3112	6356
6444	6357
7117	6358
3124	6359
6529	6360
4879	6361
3121	6362
2939	6363
70	6364
1552	6365
8592	6366
9273	6367
9866	6368
9036	6369
6438	6370
3354	6371
9132	6372
3044	6373
8788	6374
8983	6375
1357	6376
6527	6377
9493	6378
7414	6379
5471	6380
7515	6381
8227	6382
3225	6383
1681	6384
6937	6385
2978	6386
488	6387
4635	6388
3529	6389
4221	6390
5473	6391
2191	6392
3093	6393
1057	6394
194	6395
4859	6396
3693	6397
8976	6398
7895	6399
4505	6400
459	6401
641	6402
3332	6403
3272	6404
8321	6405
8998	6406
418	6407
9839	6408
7196	6409
3336	6410
6390	6411
276	6412
8228	6413
6974	6414
3761	6415
3948	6416
2231	6417
6921	6418
5945	6419
6968	6420
2087	6421
2512	6422
1228	6423
4314	6424
328	6425
1019	6426
2100	6427
9706	6428
6422	6429
4159	6430
2288	6431
8885	6432
1662	6433
4899	6434
6387	6435
5707	6436
9603	6437
4225	6438
5698	6439
302	6440
3375	6441
4180	6442
7138	6443
3413	6444
1754	6445
7857	6446
87	6447
2732	6448
4619	6449
1169	6450
3109	6451
9115	6452
7005	6453
2796	6454
4176	6455
4824	6456
2057	6457
43	6458
1358	6459
2366	6460
2029	6461
8373	6462
8853	6463
192	6464
5553	6465
1689	6466
6880	6467
4527	6468
7568	6469
6177	6470
1832	6471
4298	6472
9581	6473
7615	6474
5620	6475
897	6476
3066	6477
3291	6478
7154	6479
1967	6480
5613	6481
3361	6482
7383	6483
3954	6484
4637	6485
6572	6486
7506	6487
2140	6488
4484	6489
9596	6490
7761	6491
6638	6492
5705	6493
3789	6494
6722	6495
103	6496
7697	6497
9072	6498
3999	6499
5730	6500
1992	6501
6550	6502
8372	6503
5841	6504
2341	6505
1006	6506
3853	6507
3841	6508
6891	6509
2666	6510
2072	6511
541	6512
4601	6513
4012	6514
2818	6515
1646	6516
242	6517
8862	6518
4669	6519
5962	6520
9	6521
8306	6522
6581	6523
7831	6524
6323	6525
1081	6526
4675	6527
7512	6528
7840	6529
2646	6530
8348	6531
138	6532
5540	6533
5338	6534
8254	6535
908	6536
6908	6537
7524	6538
810	6539
2460	6540
1655	6541
5367	6542
6585	6543
3652	6544
5232	6545
1224	6546
2220	6547
2457	6548
2985	6549
6570	6550
8716	6551
3288	6552
2243	6553
1291	6554
1311	6555
3537	6556
819	6557
5743	6558
2136	6559
1782	6560
5140	6561
2744	6562
7183	6563
6575	6564
7030	6565
3565	6566
3129	6567
4963	6568
170	6569
2120	6570
6867	6571
4852	6572
1463	6573
9613	6574
2839	6575
2252	6576
1276	6577
64	6578
8195	6579
5440	6580
9702	6581
156	6582
9782	6583
3654	6584
5591	6585
2485	6586
181	6587
9148	6588
715	6589
9768	6590
4344	6591
6176	6592
7223	6593
4223	6594
3054	6595
8792	6596
4369	6597
8557	6598
4716	6599
5503	6600
2680	6601
5244	6602
3011	6603
7701	6604
489	6605
8691	6606
6934	6607
5403	6608
4383	6609
5747	6610
5763	6611
247	6612
9844	6613
1065	6614
9003	6615
5212	6616
8101	6617
4525	6618
7047	6619
7751	6620
944	6621
4686	6622
5647	6623
4639	6624
8448	6625
2634	6626
1111	6627
7767	6628
4413	6629
7305	6630
8020	6631
4671	6632
7875	6633
987	6634
3403	6635
6768	6636
5568	6637
473	6638
8571	6639
699	6640
1	6641
5158	6642
7677	6643
8248	6644
1615	6645
5667	6646
7825	6647
8784	6648
7780	6649
1813	6650
3020	6651
4633	6652
5688	6653
7614	6654
8818	6655
7922	6656
9710	6657
615	6658
260	6659
3967	6660
5771	6661
614	6662
4729	6663
9756	6664
7998	6665
266	6666
5336	6667
2866	6668
7733	6669
2212	6670
261	6671
3206	6672
2948	6673
7462	6674
457	6675
9819	6676
2305	6677
3193	6678
8126	6679
7573	6680
2143	6681
7172	6682
7133	6683
8732	6684
7554	6685
9684	6686
1846	6687
4214	6688
298	6689
9703	6690
682	6691
4140	6692
8493	6693
51	6694
9503	6695
2937	6696
5312	6697
975	6698
3932	6699
3373	6700
6918	6701
491	6702
2412	6703
5773	6704
9653	6705
1649	6706
2710	6707
5152	6708
7315	6709
3405	6710
1932	6711
3597	6712
9259	6713
2056	6714
7186	6715
5502	6716
2613	6717
517	6718
6848	6719
9833	6720
4263	6721
5234	6722
2079	6723
2645	6724
1373	6725
5811	6726
1214	6727
3751	6728
8911	6729
3312	6730
8786	6731
3582	6732
775	6733
9810	6734
8928	6735
847	6736
8422	6737
9695	6738
3649	6739
9178	6740
4566	6741
7340	6742
5057	6743
7490	6744
716	6745
9712	6746
8190	6747
2589	6748
9032	6749
3767	6750
4215	6751
9867	6752
4972	6753
72	6754
4857	6755
6788	6756
1377	6757
7724	6758
4329	6759
8177	6760
4818	6761
6524	6762
2205	6763
9471	6764
6432	6765
5021	6766
1903	6767
98	6768
1918	6769
321	6770
9064	6771
2463	6772
7960	6773
9470	6774
9293	6775
9047	6776
6241	6777
9260	6778
3087	6779
9242	6780
8662	6781
1986	6782
6747	6783
2945	6784
8534	6785
1418	6786
3234	6787
9530	6788
475	6789
168	6790
3269	6791
2395	6792
3041	6793
9462	6794
2275	6795
8513	6796
1489	6797
2413	6798
390	6799
788	6800
6632	6801
866	6802
2781	6803
1785	6804
2827	6805
8675	6806
2420	6807
938	6808
4365	6809
7073	6810
972	6811
6276	6812
1140	6813
4120	6814
7470	6815
8045	6816
3143	6817
6539	6818
5759	6819
1142	6820
1067	6821
4346	6822
4228	6823
7523	6824
1876	6825
8257	6826
1808	6827
8901	6828
2065	6829
6215	6830
2550	6831
8619	6832
6080	6833
8249	6834
1929	6835
4821	6836
7265	6837
3830	6838
544	6839
377	6840
6815	6841
7370	6842
9143	6843
1889	6844
8485	6845
9607	6846
5086	6847
4421	6848
3187	6849
7067	6850
7714	6851
9713	6852
185	6853
2132	6854
4390	6855
4787	6856
8090	6857
2846	6858
778	6859
6593	6860
5353	6861
4340	6862
2122	6863
3120	6864
5716	6865
8449	6866
5583	6867
6346	6868
3964	6869
1686	6870
7522	6871
3159	6872
8295	6873
3392	6874
1090	6875
4479	6876
3903	6877
1424	6878
1968	6879
8774	6880
3662	6881
7366	6882
8081	6883
4519	6884
311	6885
7909	6886
56	6887
5899	6888
7338	6889
4597	6890
2378	6891
8367	6892
4902	6893
9894	6894
9832	6895
1299	6896
3937	6897
8631	6898
8920	6899
293	6900
4992	6901
4217	6902
6853	6903
2929	6904
9131	6905
825	6906
5559	6907
1642	6908
7990	6909
487	6910
1296	6911
7420	6912
6068	6913
439	6914
4403	6915
9501	6916
783	6917
7769	6918
9041	6919
6980	6920
8600	6921
5229	6922
5855	6923
8694	6924
547	6925
6997	6926
5567	6927
3094	6928
9090	6929
2356	6930
6922	6931
4038	6932
1295	6933
8578	6934
3137	6935
7852	6936
7193	6937
9556	6938
2653	6939
1568	6940
2741	6941
731	6942
3009	6943
1077	6944
2255	6945
692	6946
2678	6947
8060	6948
479	6949
5993	6950
1198	6951
701	6952
100	6953
5270	6954
8320	6955
7763	6956
4079	6957
1106	6958
4000	6959
6136	6960
7422	6961
2346	6962
3942	6963
1376	6964
2886	6965
5497	6966
3643	6967
5400	6968
5206	6969
3512	6970
2887	6971
486	6972
4738	6973
8939	6974
595	6975
4797	6976
4392	6977
4323	6978
7600	6979
5095	6980
9147	6981
7405	6982
4998	6983
8543	6984
5896	6985
6644	6986
8802	6987
8899	6988
7332	6989
3960	6990
8554	6991
9447	6992
2170	6993
8084	6994
7542	6995
4205	6996
3142	6997
903	6998
9301	6999
6761	7000
8401	7001
7166	7002
7897	7003
9821	7004
3665	7005
5859	7006
7026	7007
2215	7008
4372	7009
3546	7010
1763	7011
2725	7012
8091	7013
4334	7014
4621	7015
2964	7016
1393	7017
9845	7018
3430	7019
9831	7020
9783	7021
7608	7022
3708	7023
8785	7024
6473	7025
8780	7026
4885	7027
9705	7028
8905	7029
2942	7030
2798	7031
8539	7032
2692	7033
1250	7034
8603	7035
6226	7036
899	7037
2038	7038
2621	7039
3196	7040
3498	7041
3868	7042
5112	7043
9589	7044
7274	7045
6870	7046
3452	7047
568	7048
2157	7049
790	7050
6898	7051
4914	7052
2576	7053
9430	7054
9397	7055
6217	7056
1360	7057
1039	7058
7630	7059
3263	7060
5617	7061
4835	7062
74	7063
6946	7064
5115	7065
6537	7066
6287	7067
3468	7068
1430	7069
2083	7070
9215	7071
8431	7072
1248	7073
2856	7074
6603	7075
703	7076
8381	7077
6200	7078
4188	7079
9731	7080
6900	7081
6031	7082
5030	7083
6728	7084
7488	7085
8120	7086
1472	7087
7772	7088
6183	7089
2256	7090
1848	7091
850	7092
120	7093
7245	7094
2201	7095
2385	7096
3300	7097
9341	7098
1827	7099
2320	7100
43	7101
5311	7102
1302	7103
4142	7104
3510	7105
8978	7106
7041	7107
1470	7108
8481	7109
2804	7110
184	7111
3480	7112
2864	7113
2361	7114
16	7115
2358	7116
3543	7117
1838	7118
4863	7119
2438	7120
2311	7121
2559	7122
3025	7123
1435	7124
215	7125
9840	7126
1268	7127
495	7128
8702	7129
8390	7130
7618	7131
5274	7132
2908	7133
8512	7134
4574	7135
9363	7136
2673	7137
9225	7138
6035	7139
1669	7140
5643	7141
5204	7142
9563	7143
7170	7144
8172	7145
417	7146
6465	7147
6343	7148
1185	7149
4386	7150
2134	7151
339	7152
5951	7153
4220	7154
3351	7155
5251	7156
2472	7157
8770	7158
8710	7159
9100	7160
2566	7161
4973	7162
880	7163
7943	7164
7197	7165
2467	7166
9234	7167
1174	7168
3298	7169
2922	7170
5826	7171
1321	7172
1674	7173
8334	7174
9217	7175
9107	7176
1481	7177
8841	7178
9727	7179
7651	7180
1926	7181
4031	7182
4395	7183
434	7184
1105	7185
3821	7186
8095	7187
8840	7188
9105	7189
8923	7190
1672	7191
8170	7192
3367	7193
1474	7194
9356	7195
322	7196
3511	7197
4969	7198
9354	7199
8096	7200
2469	7201
2999	7202
1563	7203
8550	7204
5900	7205
1120	7206
1497	7207
8925	7208
7848	7209
2675	7210
229	7211
2952	7212
2963	7213
7650	7214
77	7215
9672	7216
3030	7217
4778	7218
203	7219
1416	7220
9578	7221
1395	7222
8329	7223
1356	7224
3439	7225
3467	7226
116	7227
3201	7228
2574	7229
5310	7230
3186	7231
1349	7232
1173	7233
8854	7234
4966	7235
1923	7236
41	7237
8842	7238
3478	7239
2127	7240
48	7241
6327	7242
4810	7243
5883	7244
1134	7245
5797	7246
77	7247
776	7248
3394	7249
2325	7250
2840	7251
1707	7252
2810	7253
2954	7254
4104	7255
7192	7256
5167	7257
4375	7258
2228	7259
510	7260
2253	7261
1828	7262
969	7263
8316	7264
914	7265
7823	7266
3111	7267
97	7268
4284	7269
7572	7270
3793	7271
7313	7272
9827	7273
1025	7274
1003	7275
4055	7276
9830	7277
4665	7278
7282	7279
6646	7280
3178	7281
687	7282
7066	7283
7629	7284
131	7285
3455	7286
7683	7287
7773	7288
5814	7289
7357	7290
5725	7291
4978	7292
3922	7293
6125	7294
3726	7295
4069	7296
8660	7297
922	7298
334	7299
4784	7300
6388	7301
8791	7302
3978	7303
6430	7304
8997	7305
7104	7306
1135	7307
5633	7308
144	7309
4417	7310
4224	7311
467	7312
5552	7313
5437	7314
3890	7315
6960	7316
3620	7317
5498	7318
204	7319
7009	7320
6986	7321
758	7322
4563	7323
6046	7324
4306	7325
4023	7326
2058	7327
8086	7328
189	7329
2142	7330
8912	7331
3504	7332
8549	7333
3249	7334
2935	7335
8738	7336
1073	7337
8977	7338
8737	7339
8359	7340
8103	7341
6424	7342
8221	7343
6007	7344
6110	7345
7941	7346
514	7347
1055	7348
1075	7349
4418	7350
5268	7351
9286	7352
4629	7353
3935	7354
9342	7355
2703	7356
8599	7357
5499	7358
7932	7359
3058	7360
5119	7361
8264	7362
2852	7363
2425	7364
9116	7365
5249	7366
4803	7367
3213	7368
5255	7369
6373	7370
119	7371
5256	7372
1915	7373
1427	7374
8585	7375
1076	7376
7940	7377
3684	7378
9716	7379
1176	7380
5992	7381
3146	7382
5866	7383
1346	7384
2033	7385
7623	7386
3508	7387
9051	7388
1257	7389
2736	7390
879	7391
1580	7392
787	7393
145	7394
3517	7395
1714	7396
4293	7397
984	7398
6628	7399
738	7400
8593	7401
1824	7402
462	7403
2480	7404
7557	7405
7945	7406
4851	7407
1080	7408
8461	7409
976	7410
9373	7411
4615	7412
4644	7413
4456	7414
9651	7415
4930	7416
135	7417
9288	7418
9478	7419
4832	7420
1061	7421
7822	7422
2068	7423
385	7424
5433	7425
1320	7426
7636	7427
8175	7428
8797	7429
5626	7430
1661	7431
3308	7432
9518	7433
8722	7434
8893	7435
6019	7436
9759	7437
9034	7438
1639	7439
3712	7440
7242	7441
5690	7442
8725	7443
8955	7444
2130	7445
904	7446
2097	7447
3707	7448
3678	7449
4476	7450
649	7451
2982	7452
621	7453
5978	7454
8703	7455
4537	7456
129	7457
7076	7458
2521	7459
4050	7460
2202	7461
3250	7462
9837	7463
6988	7464
1692	7465
6090	7466
5175	7467
5628	7468
3415	7469
659	7470
1354	7471
6325	7472
4944	7473
7771	7474
9205	7475
4564	7476
4631	7477
8940	7478
9630	7479
5631	7480
4609	7481
1796	7482
5975	7483
2943	7484
5409	7485
4804	7486
6531	7487
9697	7488
8417	7489
1771	7490
4134	7491
8272	7492
3368	7493
2334	7494
8065	7495
6611	7496
9803	7497
3777	7498
5973	7499
4350	7500
6356	7501
4759	7502
2622	7503
3596	7504
8824	7505
4528	7506
9582	7507
7406	7508
8353	7509
2859	7510
5709	7511
3752	7512
6551	7513
9196	7514
9708	7515
496	7516
1519	7517
9657	7518
7252	7519
9809	7520
1595	7521
6818	7522
3773	7523
1361	7524
7220	7525
7980	7526
7191	7527
2108	7528
33	7529
8420	7530
9220	7531
8395	7532
820	7533
8913	7534
7567	7535
9091	7536
2171	7537
2931	7538
3212	7539
6744	7540
8877	7541
6844	7542
4786	7543
8988	7544
4183	7545
2104	7546
9022	7547
743	7548
7208	7549
1914	7550
2070	7551
2632	7552
8810	7553
6050	7554
7844	7555
1778	7556
2553	7557
2579	7558
2332	7559
8833	7560
7731	7561
68	7562
638	7563
6069	7564
1570	7565
4940	7566
5587	7567
4645	7568
1211	7569
5279	7570
7022	7571
7920	7572
710	7573
1777	7574
6128	7575
3330	7576
8892	7577
662	7578
6519	7579
4823	7580
4558	7581
4258	7582
9818	7583
1421	7584
7824	7585
3685	7586
8616	7587
3801	7588
174	7589
7228	7590
8220	7591
9207	7592
7035	7593
8938	7594
9172	7595
6958	7596
3147	7597
7137	7598
5378	7599
8941	7600
333	7601
4790	7602
1924	7603
7988	7604
8070	7605
898	7606
1487	7607
1766	7608
6280	7609
2602	7610
4742	7611
56	7612
332	7613
3921	7614
6912	7615
4137	7616
7782	7617
6679	7618
7163	7619
2610	7620
8607	7621
5555	7622
8945	7623
3783	7624
7316	7625
8705	7626
2825	7627
7078	7628
3383	7629
5052	7630
6883	7631
4209	7632
6625	7633
9492	7634
8109	7635
5050	7636
2654	7637
1069	7638
4247	7639
2250	7640
1247	7641
5345	7642
2896	7643
7841	7644
2249	7645
3168	7646
7709	7647
8008	7648
2750	7649
1386	7650
3489	7651
795	7652
9646	7653
8594	7654
9850	7655
9694	7656
5033	7657
1131	7658
8566	7659
2950	7660
7020	7661
6564	7662
5494	7663
2080	7664
7	7665
1966	7666
3277	7667
8330	7668
9006	7669
1333	7670
9081	7671
3699	7672
8024	7673
6238	7674
9817	7675
2476	7676
3949	7677
8729	7678
9102	7679
8161	7680
7303	7681
6656	7682
9749	7683
5109	7684
9660	7685
8587	7686
397	7687
4853	7688
3365	7689
7308	7690
7547	7691
8865	7692
6703	7693
3098	7694
2031	7695
670	7696
7923	7697
8358	7698
2806	7699
5297	7700
8639	7701
9194	7702
1506	7703
5477	7704
7973	7705
6058	7706
5044	7707
2783	7708
877	7709
8347	7710
8576	7711
401	7712
3980	7713
1225	7714
9141	7715
2090	7716
8447	7717
5965	7718
7351	7719
1635	7720
8689	7721
5911	7722
7486	7723
5512	7724
937	7725
8789	7726
9889	7727
6314	7728
6996	7729
5490	7730
2028	7731
8049	7732
2103	7733
4802	7734
2581	7735
1163	7736
2454	7737
5180	7738
8205	7739
9163	7740
9640	7741
9353	7742
4076	7743
7758	7744
561	7745
6540	7746
7985	7747
1246	7748
9746	7749
7741	7750
6331	7751
1177	7752
115	7753
3289	7754
3746	7755
8875	7756
1115	7757
2230	7758
9017	7759
962	7760
1027	7761
586	7762
8039	7763
7268	7764
4257	7765
1678	7766
8223	7767
1944	7768
2504	7769
7407	7770
8204	7771
8881	7772
8274	7773
1422	7774
4547	7775
5751	7776
9491	7777
4347	7778
7463	7779
6040	7780
3863	7781
902	7782
3038	7783
5132	7784
2751	7785
1910	7786
5830	7787
6144	7788
2060	7789
1079	7790
6977	7791
9659	7792
1781	7793
3412	7794
3400	7795
2743	7796
2168	7797
4642	7798
9075	7799
2606	7800
5202	7801
3679	7802
8158	7803
3623	7804
6015	7805
6036	7806
3040	7807
1821	7808
8128	7809
1166	7810
6299	7811
5067	7812
6480	7813
3283	7814
9913	7815
5604	7816
4491	7817
7533	7818
5902	7819
369	7820
7765	7821
8482	7822
2419	7823
828	7824
8612	7825
7783	7826
2808	7827
209	7828
5101	7829
3233	7830
8441	7831
7635	7832
646	7833
2150	7834
9	7835
2139	7836
2138	7837
5026	7838
8015	7839
3279	7840
1143	7841
3401	7842
7893	7843
6085	7844
4517	7845
6894	7846
9481	7847
165	7848
3437	7849
6029	7850
718	7851
2326	7852
2539	7853
461	7854
6851	7855
1652	7856
4801	7857
3139	7858
4952	7859
5401	7860
2977	7861
9028	7862
711	7863
4774	7864
1071	7865
2862	7866
875	7867
4112	7868
873	7869
8055	7870
1852	7871
9668	7872
6115	7873
9813	7874
2752	7875
7510	7876
7432	7877
3220	7878
7419	7879
7655	7880
214	7881
6910	7882
603	7883
1820	7884
9729	7885
3052	7886
8436	7887
7704	7888
6244	7889
3377	7890
7676	7891
681	7892
4173	7893
4309	7894
405	7895
7911	7896
8380	7897
3447	7898
948	7899
6043	7900
5277	7901
2114	7902
7393	7903
542	7904
1095	7905
7360	7906
2285	7907
6095	7908
9871	7909
7812	7910
5927	7911
7896	7912
7374	7913
8642	7914
3865	7915
9045	7916
9314	7917
7589	7918
1033	7919
277	7920
4088	7921
1972	7922
4514	7923
3858	7924
3051	7925
1070	7926
3782	7927
4132	7928
3003	7929
5854	7930
8067	7931
3458	7932
8017	7933
7116	7934
1283	7935
1544	7936
2271	7937
5092	7938
60	7939
5739	7940
4706	7941
1853	7942
6677	7943
2778	7944
6835	7945
9602	7946
9238	7947
9068	7948
4932	7949
3126	7950
2907	7951
6	7952
5524	7953
3973	7954
7178	7955
3135	7956
9079	7957
1722	7958
5585	7959
27	7960
3070	7961
9139	7962
2672	7963
1514	7964
8933	7965
8339	7966
4404	7967
7142	7968
9266	7969
3670	7970
171	7971
7732	7972
5621	7973
2483	7974
1037	7975
5758	7976
8032	7977
8960	7978
6283	7979
2259	7980
3156	7981
9633	7982
9528	7983
4345	7984
4440	7985
2096	7986
8972	7987
2955	7988
6662	7989
2284	7990
581	7991
8473	7992
8959	7993
5181	7994
6330	7995
7012	7996
2989	7997
3497	7998
9372	7999
8891	8000
9261	8001
4449	8002
6890	8003
2386	8004
4394	8005
6466	8006
3154	8007
871	8008
9685	8009
4697	8010
708	8011
6541	8012
3442	8013
6450	8014
7516	8015
2901	8016
5609	8017
55	8018
497	8019
7377	8020
5526	8021
359	8022
8935	8023
3391	8024
1371	8025
3236	8026
9444	8027
6535	8028
3429	8029
7978	8030
3715	8031
2867	8032
4463	8033
9486	8034
3287	8035
4800	8036
4817	8037
4839	8038
7199	8039
7778	8040
5034	8041
7477	8042
9691	8043
113	8044
7843	8045
2661	8046
2611	8047
7217	8048
9679	8049
936	8050
7222	8051
6562	8052
5913	8053
836	8054
5240	8055
9663	8056
8261	8057
5983	8058
269	8059
6652	8060
726	8061
3077	8062
7028	8063
2533	8064
324	8065
1100	8066
2400	8067
964	8068
6206	8069
7756	8070
527	8071
837	8072
8800	8073
4602	8074
7226	8075
2156	8076
7755	8077
8966	8078
7364	8079
2013	8080
7001	8081
4466	8082
4164	8083
4625	8084
1712	8085
4054	8086
9891	8087
1189	8088
895	8089
6814	8090
5399	8091
5578	8092
9164	8093
6463	8094
5933	8095
4240	8096
9305	8097
534	8098
3299	8099
3422	8100
1679	8101
9750	8102
860	8103
8213	8104
7238	8105
4433	8106
5379	8107
8739	8108
7541	8109
8472	8110
799	8111
4981	8112
7838	8113
3750	8114
771	8115
1736	8116
8244	8117
9711	8118
6114	8119
3876	8120
1297	8121
4065	8122
7354	8123
5320	8124
5482	8125
2148	8126
8964	8127
1663	8128
5863	8129
5176	8130
6274	8131
4743	8132
6324	8133
4933	8134
54	8135
2520	8136
6288	8137
358	8138
665	8139
4300	8140
9769	8141
5904	8142
5848	8143
1994	8144
1810	8145
6543	8146
8520	8147
299	8148
3910	8149
9118	8150
5893	8151
6660	8152
2093	8153
2880	8154
3228	8155
1628	8156
2820	8157
343	8158
4320	8159
1647	8160
983	8161
4295	8162
5330	8163
3847	8164
9319	8165
8230	8166
3769	8167
2186	8168
1317	8169
7040	8170
4950	8171
5289	8172
1264	8173
8564	8174
3885	8175
2396	8176
1058	8177
6451	8178
9753	8179
8242	8180
8895	8181
1294	8182
8198	8183
8695	8184
2135	8185
3106	8186
2197	8187
3189	8188
1402	8189
2165	8190
3275	8191
5601	8192
5237	8193
7181	8194
1266	8195
3911	8196
454	8197
3556	8198
8006	8199
4148	8200
3806	8201
9298	8202
2433	8203
4779	8204
6666	8205
4954	8206
6289	8207
1480	8208
3393	8209
7093	8210
584	8211
329	8212
6167	8213
8625	8214
1548	8215
2270	8216
2002	8217
851	8218
286	8219
6185	8220
8143	8221
8872	8222
1739	8223
6843	8224
2603	8225
3268	8226
6903	8227
9787	8228
3005	8229
6310	8230
675	8231
3815	8232
8484	8233
4555	8234
1551	8235
5128	8236
4939	8237
2427	8238
7387	8239
8184	8240
3891	8241
2008	8242
9085	8243
37	8244
3992	8245
148	8246
2026	8247
865	8248
1818	8249
1332	8250
1599	8251
1557	8252
9846	8253
1328	8254
381	8255
1609	8256
61	8257
2440	8258
4319	8259
4844	8260
3470	8261
5082	8262
5205	8263
2416	8264
5624	8265
5815	8266
6375	8267
605	8268
7214	8269
5243	8270
6509	8271
1623	8272
5689	8273
6725	8274
3061	8275
9580	8276
3669	8277
522	8278
9583	8279
1779	8280
2892	8281
9174	8282
32	8283
8848	8284
954	8285
4887	8286
645	8287
3796	8288
3573	8289
8682	8290
7918	8291
4806	8292
6137	8293
1305	8294
408	8295
4451	8296
8581	8297
9151	8298
2017	8299
7253	8300
8556	8301
7740	8302
8638	8303
8665	8304
9801	8305
8183	8306
6350	8307
8409	8308
6795	8309
2004	8310
1608	8311
4056	8312
8734	8313
47	8314
1709	8315
2304	8316
1148	8317
575	8318
6613	8319
4230	8320
4144	8321
7380	8322
6236	8323
4753	8324
3593	8325
3727	8326
9065	8327
8699	8328
4836	8329
3734	8330
4291	8331
6607	8332
7236	8333
1345	8334
6518	8335
8082	8336
2784	8337
5536	8338
6941	8339
5720	8340
794	8341
1478	8342
9378	8343
906	8344
8231	8345
403	8346
2158	8347
2828	8348
7599	8349
7999	8350
5377	8351
6489	8352
4705	8353
8393	8354
1941	8355
2163	8356
5447	8357
1179	8358
5147	8359
6100	8360
3245	8361
3771	8362
4020	8363
7207	8364
5	8365
7469	8366
5402	8367
8263	8368
862	8369
9023	8370
6420	8371
1254	8372
196	8373
753	8374
3950	8375
2991	8376
6534	8377
6991	8378
32	8379
7529	8380
3266	8381
4896	8382
3718	8383
7115	8384
8745	8385
5581	8386
5047	8387
5919	8388
38	8389
1460	8390
1448	8391
3655	8392
3423	8393
4726	8394
4379	8395
4117	8396
8247	8397
8568	8398
3251	8399
3386	8400
9838	8401
1486	8402
6735	8403
7386	8404
2659	8405
1720	8406
4213	8407
5136	8408
859	8409
290	8410
6087	8411
1306	8412
5236	8413
6708	8414
1671	8415
5761	8416
4703	8417
8377	8418
5220	8419
2830	8420
7587	8421
2364	8422
3595	8423
1024	8424
443	8425
2404	8426
3808	8427
2667	8428
2715	8429
2331	8430
2465	8431
3282	8432
4512	8433
5565	8434
5130	8435
5517	8436
4678	8437
275	8438
7099	8439
4723	8440
4997	8441
2144	8442
6879	8443
532	8444
308	8445
7434	8446
2184	8447
7601	8448
3639	8449
5768	8450
7125	8451
2309	8452
2493	8453
4154	8454
6650	8455
2893	8456
7891	8457
2911	8458
1505	8459
4692	8460
31	8461
1790	8462
3658	8463
4431	8464
5789	8465
8555	8466
8837	8467
1001	8468
355	8469
5949	8470
8088	8471
9482	8472
3494	8473
81	8474
4158	8475
9423	8476
9519	8477
2834	8478
9417	8479
2360	8480
8237	8481
5671	8482
6724	8483
7466	8484
9294	8485
6546	8486
182	8487
7277	8488
3630	8489
8092	8490
7304	8491
6477	8492
9110	8493
5952	8494
6505	8495
6204	8496
7013	8497
7404	8498
5819	8499
9571	8500
8562	8501
6503	8502
5479	8503
466	8504
7122	8505
6275	8506
7092	8507
6950	8508
3736	8509
7088	8510
9741	8511
5681	8512
9193	8513
9726	8514
6468	8515
7403	8516
4428	8517
232	8518
9076	8519
7996	8520
5941	8521
4036	8522
5549	8523
6773	8524
3169	8525
6172	8526
7738	8527
7671	8528
6285	8529
4203	8530
4206	8531
3252	8532
3788	8533
9237	8534
3917	8535
4502	8536
6975	8537
9156	8538
3951	8539
5135	8540
6447	8541
8279	8542
7271	8543
1744	8544
9414	8545
9588	8546
5837	8547
110	8548
3321	8549
8604	8550
9432	8551
1226	8552
8394	8553
1152	8554
4526	8555
6670	8556
4014	8557
4401	8558
5455	8559
6311	8560
6969	8561
6865	8562
1107	8563
5321	8564
7526	8565
8280	8566
909	8567
562	8568
7596	8569
9636	8570
3180	8571
8275	8572
1171	8573
5999	8574
9723	8575
1141	8576
3473	8577
6636	8578
3776	8579
8123	8580
7514	8581
6014	8582
7397	8583
8068	8584
3674	8585
5976	8586
1841	8587
7689	8588
2153	8589
456	8590
430	8591
6384	8592
2575	8593
4795	8594
6699	8595
3261	8596
9046	8597
8674	8598
8430	8599
78	8600
2376	8601
5093	8602
5410	8603
7665	8604
8124	8605
5328	8606
6264	8607
140	8608
5765	8609
9754	8610
4200	8611
2624	8612
2199	8613
4909	8614
5847	8615
6739	8616
4286	8617
9206	8618
1648	8619
476	8620
2430	8621
6787	8622
5803	8623
824	8624
9637	8625
6145	8626
1617	8627
2650	8628
5988	8629
2064	8630
7118	8631
3390	8632
9257	8633
4044	8634
3533	8635
1743	8636
291	8637
6415	8638
8331	8639
2214	8640
1004	8641
6994	8642
9233	8643
177	8644
8730	8645
9226	8646
289	8647
6312	8648
5618	8649
2443	8650
1282	8651
4095	8652
1893	8653
9570	8654
6093	8655
1982	8656
3550	8657
8215	8658
147	8659
3379	8660
5195	8661
4943	8662
61	8663
6919	8664
5972	8665
5187	8666
4717	8667
9548	8668
6448	8669
6642	8670
5420	8671
8112	8672
8229	8673
3989	8674
8847	8675
5806	8676
5235	8677
8957	8678
3223	8679
4461	8680
3587	8681
2789	8682
2884	8683
2313	8684
3028	8685
8812	8686
2062	8687
647	8688
3338	8689
1677	8690
1961	8691
1789	8692
1439	8693
6336	8694
2397	8695
9173	8696
5376	8697
2123	8698
7821	8699
1545	8700
27	8701
1370	8702
6402	8703
7496	8704
2369	8705
9287	8706
6334	8707
3899	8708
157	8709
3881	8710
9704	8711
4138	8712
5967	8713
5884	8714
3417	8715
1327	8716
6290	8717
3371	8718
2310	8719
602	8720
1741	8721
1089	8722
2431	8723
2777	8724
1749	8725
2700	8726
7684	8727
8258	8728
3171	8729
366	8730
5010	8731
47	8732
4926	8733
8525	8734
9675	8735
3547	8736
8462	8737
7485	8738
6834	8739
3896	8740
7884	8741
7981	8742
6011	8743
6130	8744
6455	8745
2740	8746
4880	8747
2640	8748
1432	8749
2391	8750
4321	8751
6631	8752
8074	8753
6704	8754
4358	8755
6148	8756
3226	8757
4662	8758
2407	8759
1504	8760
2529	8761
5608	8762
6972	8763
6683	8764
1517	8765
1154	8766
9736	8767
6352	8768
500	8769
9404	8770
1261	8771
5183	8772
1385	8773
259	8774
1491	8775
5733	8776
2276	8777
4636	8778
2906	8779
5189	8780
8164	8781
963	8782
965	8783
1301	8784
6863	8785
2571	8786
33	8787
945	8788
7367	8789
2970	8790
8952	8791
1531	8792
4682	8793
2580	8794
4005	8795
2124	8796
6082	8797
3490	8798
9124	8799
2408	8800
2389	8801
5703	8802
7134	8803
7168	8804
7382	8805
7692	8806
2282	8807
3328	8808
5282	8809
5680	8810
8929	8811
3867	8812
7014	8813
2683	8814
7948	8815
6088	8816
6786	8817
1524	8818
2608	8819
4307	8820
610	8821
4684	8822
257	8823
4948	8824
6850	8825
3701	8826
498	8827
5958	8828
8402	8829
2791	8830
8491	8831
4035	8832
4485	8833
5523	8834
320	8835
3862	8836
4580	8837
672	8838
2848	8839
2251	8840
1307	8841
8438	8842
548	8843
230	8844
7188	8845
106	8846
4172	8847
6792	8848
2279	8849
9590	8850
6370	8851
5977	8852
9512	8853
7802	8854
7815	8855
7788	8856
648	8857
8965	8858
4694	8859
3849	8860
7726	8861
896	8862
4634	8863
5421	8864
1191	8865
2487	8866
8193	8867
1859	8868
1160	8869
4666	8870
9658	8871
7935	8872
2426	8873
5000	8874
4092	8875
6804	8876
7492	8877
2917	8878
4518	8879
99	8880
3259	8881
8442	8882
4989	8883
6669	8884
3722	8885
6760	8886
225	8887
6673	8888
7244	8889
284	8890
6131	8891
2327	8892
3657	8893
3416	8894
4422	8895
4983	8896
9346	8897
6602	8898
8717	8899
1928	8900
8850	8901
9900	8902
8382	8903
7062	8904
2299	8905
3008	8906
7592	8907
1723	8908
1195	8909
38	8910
2051	8911
2119	8912
1051	8913
57	8914
1577	8915
3702	8916
74	8917
3615	8918
3878	8919
7762	8920
420	8921
8344	8922
4658	8923
7716	8924
6978	8925
632	8926
7327	8927
6664	8928
8189	8929
874	8930
4782	8931
3119	8932
9464	8933
8661	8934
9584	8935
3816	8936
6140	8937
4399	8938
3290	8939
7546	8940
5779	8941
2451	8942
637	8943
4359	8944
9377	8945
10	8946
6604	8947
798	8948
1207	8949
7036	8950
6970	8951
7728	8952
8712	8953
9428	8954
3818	8955
768	8956
6092	8957
6612	8958
2976	8959
58	8960
4067	8961
6120	8962
2238	8963
4722	8964
9044	8965
1721	8966
2871	8967
9332	8968
6012	8969
9689	8970
4231	8971
9800	8972
629	8973
5915	8974
5755	8975
502	8976
8948	8977
7856	8978
8166	8979
2564	8980
8719	8981
5207	8982
6437	8983
3273	8984
7972	8985
1645	8986
3425	8987
5734	8988
8687	8989
268	8990
1718	8991
2189	8992
4317	8993
3907	8994
3823	8995
3839	8996
957	8997
9474	8998
162	8999
477	9000
2817	9001
7987	9002
6179	9003
2418	9004
8654	9005
2482	9006
4256	9007
4261	9008
3157	9009
5598	9010
3898	9011
3755	9012
2394	9013
224	9014
4589	9015
773	9016
4243	9017
6485	9018
4604	9019
7158	9020
3990	9021
8415	9022
1139	9023
4446	9024
4015	9025
588	9026
1867	9027
869	9028
6181	9029
3158	9030
6279	9031
4175	9032
7620	9033
4936	9034
1279	9035
325	9036
1452	9037
1978	9038
4077	9039
6779	9040
5427	9041
5071	9042
3144	9043
2274	9044
7410	9045
7982	9046
6389	9047
2505	9048
3155	9049
7213	9050
3420	9051
6168	9052
8828	9053
3549	9054
5342	9055
4541	9056
6	9057
8758	9058
8127	9059
5660	9060
3342	9061
2711	9062
1365	9063
2466	9064
6717	9065
652	9066
5193	9067
5697	9068
1509	9069
9277	9070
4483	9071
1911	9072
3055	9073
6694	9074
2962	9075
1543	9076
3065	9077
1280	9078
3875	9079
1746	9080
707	9081
8783	9082
2587	9083
9177	9084
8105	9085
3915	9086
4349	9087
7747	9088
1507	9089
8188	9090
5375	9091
934	9092
2318	9093
9682	9094
6076	9095
2764	9096
1822	9097
3614	9098
3882	9099
7580	9100
493	9101
2414	9102
212	9103
578	9104
2877	9105
4296	9106
5702	9107
8772	9108
5957	9109
7330	9110
1437	9111
9190	9112
4086	9113
6094	9114
5452	9115
22	9116
1409	9117
1694	9118
6731	9119
2549	9120
226	9121
3525	9122
5064	9123
3502	9124
3026	9125
751	9126
5159	9127
3704	9128
1585	9129
9337	9130
3398	9131
7102	9132
5260	9133
7298	9134
7730	9135
3936	9136
9182	9137
5519	9138
233	9139
3027	9140
6911	9141
9463	9142
4695	9143
4575	9144
3191	9145
2248	9146
535	9147
5496	9148
780	9149
9461	9150
8199	9151
3934	9152
9647	9153
784	9154
6122	9155
4411	9156
7202	9157
2832	9158
2544	9159
7612	9160
3929	9161
6049	9162
5535	9163
5766	9164
4260	9165
362	9166
1047	9167
8066	9168
7235	9169
2628	9170
8839	9171
639	9172
9248	9173
4434	9174
3764	9175
3781	9176
4768	9177
2947	9178
20	9179
4019	9180
4387	9181
4447	9182
6905	9183
6595	9184
9062	9185
8416	9186
7456	9187
4481	9188
8878	9189
40	9190
2869	9191
1989	9192
7729	9193
6621	9194
6647	9195
722	9196
8075	9197
4074	9198
8777	9199
9504	9200
7273	9201
213	9202
9179	9203
319	9204
5563	9205
1144	9206
6003	9207
6224	9208
1290	9209
3994	9210
2441	9211
7808	9212
7976	9213
6820	9214
5142	9215
4888	9216
695	9217
3162	9218
2517	9219
8620	9220
6337	9221
6078	9222
3043	9223
2490	9224
4127	9225
4608	9226
4592	9227
2739	9228
2411	9229
3802	9230
76	9231
6715	9232
6467	9233
6427	9234
8760	9235
2401	9236
6482	9237
6874	9238
6484	9239
6783	9240
5664	9241
8363	9242
3918	9243
8093	9244
2713	9245
3513	9246
5011	9247
5645	9248
997	9249
1792	9250
9374	9251
7912	9252
9224	9253
2112	9254
4620	9255
7482	9256
4097	9257
8356	9258
7376	9259
6403	9260
1612	9261
3459	9262
3173	9263
3673	9264
9875	9265
1334	9266
8386	9267
5723	9268
9762	9269
9780	9270
7148	9271
7224	9272
7270	9273
7859	9274
4577	9275
1676	9276
7898	9277
9609	9278
5570	9279
4668	9280
1153	9281
3719	9282
881	9283
9618	9284
5215	9285
210	9286
2314	9287
9544	9288
6305	9289
2374	9290
3879	9291
8397	9292
1650	9293
5885	9294
8282	9295
3664	9296
3637	9297
7916	9298
9820	9299
5070	9300
7968	9301
5073	9302
7060	9303
3585	9304
1569	9305
7963	9306
8890	9307
24	9308
9865	9309
7936	9310
8437	9311
1285	9312
9168	9313
6817	9314
3207	9315
4842	9316
8405	9317
1513	9318
3053	9319
4441	9320
3103	9321
2794	9322
1372	9323
7027	9324
636	9325
6005	9326
1129	9327
7209	9328
2050	9329
4771	9330
1948	9331
6993	9332
6282	9333
9496	9334
4910	9335
6067	9336
1241	9337
7174	9338
1021	9339
3181	9340
8981	9341
2919	9342
9322	9343
1950	9344
2	9345
3148	9346
7799	9347
7258	9348
915	9349
4827	9350
6098	9351
3101	9352
2217	9353
5651	9354
919	9355
8155	9356
5419	9357
68	9358
442	9359
1769	9360
5164	9361
5392	9362
4385	9363
5475	9364
6372	9365
6474	9366
9643	9367
7713	9368
163	9369
6399	9370
4977	9371
3641	9372
4430	9373
2069	9374
2532	9375
8823	9376
3675	9377
748	9378
563	9379
9080	9380
5579	9381
4262	9382
1999	9383
4937	9384
6599	9385
5783	9386
3091	9387
3840	9388
3194	9389
1396	9390
806	9391
797	9392
2785	9393
2044	9394
1573	9395
4805	9396
1701	9397
5679	9398
7643	9399
886	9400
2329	9401
8411	9402
868	9403
8918	9404
1425	9405
8383	9406
1775	9407
9335	9408
7379	9409
7699	9410
7511	9411
4169	9412
9861	9413
6038	9414
9475	9415
6545	9416
1066	9417
6749	9418
1899	9419
9735	9420
5506	9421
6071	9422
4110	9423
8115	9424
536	9425
9015	9426
8752	9427
3414	9428
4208	9429
6821	9430
2684	9431
6033	9432
5226	9433
8162	9434
634	9435
3545	9436
1581	9437
8314	9438
7749	9439
6064	9440
4549	9441
6152	9442
5607	9443
4663	9444
2151	9445
1833	9446
8009	9447
807	9448
2242	9449
7611	9450
3271	9451
6686	9452
4410	9453
9549	9454
4756	9455
1787	9456
1742	9457
1945	9458
9485	9459
6233	9460
2875	9461
9191	9462
5537	9463
8870	9464
7791	9465
166	9466
3292	9467
470	9468
6549	9469
6750	9470
3325	9471
368	9472
8707	9473
1583	9474
7686	9475
7314	9476
4767	9477
5122	9478
6020	9479
8063	9480
6219	9481
7339	9482
5560	9483
7295	9484
7445	9485
8079	9486
6127	9487
4550	9488
4294	9489
6580	9490
6459	9491
9737	9492
6478	9493
5685	9494
7743	9495
9670	9496
6944	9497
9117	9498
5546	9499
2043	9500
6547	9501
4482	9502
4750	9503
9013	9504
8210	9505
5954	9506
9642	9507
8954	9508
6586	9509
9389	9510
4962	9511
9709	9512
7323	9513
60	9514
1014	9515
455	9516
9128	9517
254	9518
1473	9519
7057	9520
4510	9521
3363	9522
3757	9523
3446	9524
999	9525
6645	9526
3608	9527
4266	9528
3969	9529
9388	9530
127	9531
4268	9532
118	9533
9027	9534
1845	9535
2909	9536
309	9537
441	9538
3435	9539
256	9540
3353	9541
18	9542
7227	9543
8676	9544
1253	9545
5347	9546
6601	9547
4925	9548
7942	9549
9449	9550
4612	9551
9606	9552
2996	9553
6998	9554
7229	9555
3076	9556
4143	9557
1098	9558
9306	9559
1868	9560
1256	9561
2301	9562
285	9563
4130	9564
5018	9565
3242	9566
7605	9567
3971	9568
4647	9569
2758	9570
7819	9571
7402	9572
4189	9573
7363	9574
1040	9575
4123	9576
7372	9577
4868	9578
8486	9579
2584	9580
5684	9581
1776	9582
1890	9583
8487	9584
8632	9585
3880	9586
9852	9587
2578	9588
3625	9589
4913	9590
5691	9591
3102	9592
7341	9593
9407	9594
1344	9595
9243	9596
2860	9597
9278	9598
7301	9599
3866	9600
4064	9601
7593	9602
7396	9603
867	9604
4737	9605
5670	9606
3499	9607
3724	9608
164	9609
5217	9610
9393	9611
6187	9612
7826	9613
52	9614
7255	9615
7481	9616
985	9617
6089	9618
8602	9619
8319	9620
4553	9621
2940	9622
9267	9623
9137	9624
5429	9625
7004	9626
1605	9627
8218	9628
5873	9629
943	9630
4196	9631
9644	9632
34	9633
3001	9634
5573	9635
5055	9636
8540	9637
3229	9638
2729	9639
4785	9640
7921	9641
2352	9642
1310	9643
5102	9644
6054	9645
4420	9646
9892	9647
383	9648
330	9649
9794	9650
8480	9651
7882	9652
3080	9653
9368	9654
7369	9655
676	9656
6569	9657
7571	9658
2805	9659
9360	9660
4191	9661
7668	9662
2534	9663
5211	9664
6657	9665
3805	9666
10	9667
5431	9668
5856	9669
3347	9670
84	9671
1591	9672
2345	9673
5002	9674
2590	9675
34	9676
3037	9677
9188	9678
1592	9679
26	9680
8971	9681
2422	9682
7309	9683
2787	9684
1560	9685
8755	9686
3690	9687
9533	9688
4105	9689
9562	9690
153	9691
7764	9692
6902	9693
4238	9694
7820	9695
3453	9696
3509	9697
1502	9698
9282	9699
6697	9700
6685	9701
3659	9702
7915	9703
2066	9704
4661	9705
2927	9706
2177	9707
1529	9708
2523	9709
1800	9710
6700	9711
7680	9712
6034	9713
5538	9714
2024	9715
2040	9716
9906	9717
7907	9718
9406	9719
2470	9720
1309	9721
2498	9722
3531	9723
9724	9724
1702	9725
5123	9726
8307	9727
736	9728
8992	9729
9004	9730
7984	9731
2988	9732
1656	9733
8134	9734
5110	9735
4691	9736
7	9737
1510	9738
111	9739
5775	9740
8900	9741
8798	9742
6864	9743
6548	9744
9662	9745
9019	9746
2660	9747
1232	9748
9180	9749
2723	9750
8136	9751
9437	9752
4011	9753
1484	9754
9488	9755
1555	9756
9868	9757
8681	9758
4047	9759
93	9760
63	9761
6010	9762
737	9763
5141	9764
5025	9765
4271	9766
1654	9767
5341	9768
2815	9769
7887	9770
39	9771
1788	9772
4960	9773
5521	9774
7344	9775
7645	9776
9477	9777
8156	9778
9666	9779
8452	9780
5832	9781
7877	9782
4166	9783
7070	9784
7113	9785
7625	9786
7851	9787
942	9788
9197	9789
3240	9790
6520	9791
5476	9792
7343	9793
2788	9794
4412	9795
7757	9796
6734	9797
4066	9798
8982	9799
1178	9800
6109	9801
4746	9802
9860	9803
2109	9804
2761	9805
2676	9806
7101	9807
7106	9808
7479	9809
9364	9810
5408	9811
78	9812
4167	9813
9435	9814
5358	9815
520	9816
9381	9817
9185	9818
4529	9819
8624	9820
7657	9821
2362	9822
1455	9823
8634	9824
8458	9825
8036	9826
8425	9827
6954	9828
5513	9829
6116	9830
6322	9831
5483	9832
9324	9833
5450	9834
3258	9835
974	9836
8251	9837
7679	9838
2005	9839
6600	9840
7259	9841
986	9842
9240	9843
5318	9844
9641	9845
1997	9846
8336	9847
6746	9848
8825	9849
9340	9850
8518	9851
1010	9852
195	9853
435	9854
1706	9855
9348	9856
7384	9857
951	9858
7300	9859
8969	9860
7231	9861
3281	9862
524	9863
5027	9864
3812	9865
7682	9866
6369	9867
3344	9868
4096	9869
2453	9870
1042	9871
1947	9872
8794	9873
5809	9874
6495	9875
6449	9876
8500	9877
9699	9878
1864	9879
6769	9880
8759	9881
8648	9882
5171	9883
3246	9884
7952	9885
8259	9886
2957	9887
8059	9888
8232	9889
1012	9890
5462	9891
727	9892
6992	9893
6270	9894
8147	9895
5210	9896
3140	9897
7200	9898
7091	9899
863	9900
4677	9901
4870	9902
3410	9903
1130	9904
8058	9905
2486	9906
4357	9907
337	9908
445	9909
5784	9910
8494	9911
901	9912
890	9913
7444	9914
7698	9915
8535	9916
5557	9917
2342	9918
7576	9919
7311	9920
1099	9921
9859	9922
9336	9923
8062	9924
2292	9925
6165	9926
3067	9927
4551	9928
2677	9929
1087	9930
2235	9931
1561	9932
5019	9933
8516	9934
1223	9935
2262	9936
1737	9937
8754	9938
4655	9939
9896	9940
9429	9941
4045	9942
2239	9943
6182	9944
657	9945
3741	9946
3210	9947
2519	9948
8536	9949
8048	9950
9764	9951
6361	9952
5619	9953
9098	9954
1600	9955
6830	9956
9060	9957
1155	9958
5946	9959
1536	9960
3544	9961
4269	9962
6622	9963
5395	9964
4569	9965
5259	9966
8246	9967
3787	9968
3749	9969
5504	9970
9445	9971
7179	9972
4603	9973
946	9974
3933	9975
6354	9976
6640	9977
7233	9978
772	9979
9458	9980
8927	9981
4251	9982
1157	9983
625	9984
3337	9985
5732	9986
1443	9987
6989	9988
2075	9989
1716	9990
22	9991
1726	9992
5729	9993
3739	9994
3668	9995
8250	9996
452	9997
7440	9998
7534	9999
1844	10000
